1	1	1	0	0	0	3	0	1	-1	1	-1	-1	-1	0	0	0	0	0
2	1	1	3	0	0	3	0	908,909,907,2	-1	2	-1	-1	-1	0	0	0	0	0
3	1	1	1	0	0	1	0	910,3	-1	3	-1	-1	-1	0	0	0	0	0
4	1	1	0	0	0	3	0	4	-1	4	-1	-1	-1	0	0	200,200	0	0
5	1	1	3	0	0	3	0	908,909,907,5	-1	5	-1	-1	-1	0	0	300,300	0	0
6	1	1	1	0	0	1	0	910,6	-1	6	-1	-1	-1	0	0	80,-150	0	0
7	1	1	0	0	0	3	0	7	-1	7	-1	-1	-1	0	0	200,200	0	0
8	1	1	3	0	0	3	0	908,909,907,8	-1	8	-1	-1	-1	0	0	200,200	0	0
9	1	1	1	0	0	1	0	910,9	-1	9	-1	-1	-1	0	0	150,100	0	0
10	1	1	0	0	0	3	0	10	-1	10	-1	-1	-1	0	0	200,200	0	0
11	1	1	3	0	0	3	0	908,909,907,11	-1	11	-1	-1	-1	0	0	450,450	0	0
12	1	1	1	0	0	1	0	910,12	-1	12	-1	-1	-1	0	0	100,0	0	0
13	1	1	0	0	0	3	0	13	-1	13	-1	-1	-1	0	0	180,180	0	0
14	1	1	3	0	0	3	0	14	-1	14	-1	-1	-1	0	0	200,200	0	0
15	1	1	1	0	0	3	0	912,913,15	-1	15	-1	-1	-1	0	0	400,400	0	0
16	1	1	0	0	0	3	0	16	-1	16	-1	-1	-1	0	0	180,180	0	0
17	1	1	3	0	0	3	0	17	-1	17	-1	-1	-1	0	0	200,200	0	0
18	1	1	1	0	0	3	0	912,913,18	-1	18	-1	-1	-1	0	0	400,400	0	0
19	1	1	0	0	0	3	0	19	-1	19	-1	-1	-1	0	0	180,180	0	0
20	1	1	3	0	0	3	0	20	-1	20	-1	-1	-1	0	0	200,200	0	0
21	1	1	1	0	0	3	0	912,913,21	-1	21	-1	-1	-1	0	0	350,400	0	0
22	1	1	0	0	0	3	0	22	-1	22	-1	-1	-1	0	0	300,300	0	0
23	1	1	3	0	0	3	0	23	-1	23	-1	-1	-1	0	0	250,250	0	0
24	1	1	1	0	0	3	0	912,913,24	-1	24	-1	-1	-1	0	0	450,450	0	0
25	1	1	0	0	0	3	0	25	-1	25	-1	-1	-1	0	0	0	0	0
26	1	1	3	0	0	3	0	841,26	-1	26	-1	-1	-1	0	0	0	0	0
27	1	1	1	0	0	10	0	842,27	-1	27	-1	-1	-1	0	0	0	0	0
28	1	1	0	0	0	3	0	28	-1	28	-1	-1	-1	0	0	200,200	0	0
29	1	1	3	0	0	3	0	841,29	-1	29	-1	-1	-1	0	0	260,260	0	0
30	1	1	1	0	0	3	0	842,30	-1	30	-1	-1	-1	0	0	450,450	0	0
31	1	1	0	0	0	3	0	31	-1	31	-1	-1	-1	0	0	320,320	0	0
32	1	1	3	0	0	3	0	841,32	-1	32	-1	-1	-1	0	0	300,300	0	0
33	1	1	1	0	0	3	0	842,33	-1	33	-1	-1	-1	0	0	500,600	0	0
34	1	1	0	0	0	3	0	34	-1	34	-1	-1	-1	0	0	260,260	0	0
35	1	1	3	0	0	3	0	841,35	-1	35	-1	-1	-1	0	0	380,380	0	0
36	1	1	1	0	0	3	0	842,36	-1	36	-1	-1	-1	0	0	400,450	0	0
37	1	1	0	0	0	3	0	37	-1	37	-1	-1	-1	0	0	0	0	0
38	1	1	3	0	0	3	0	916,917,914,915,38	-1	38	-1	-1	-1	0	0	0	0	0
39	1	1	1	0	0	10	0	918,919,920,921,39	-1	39	-1	-1	-1	0	0	0	0	0
40	1	1	0	0	0	3	0	40	-1	40	-1	-1	-1	0	0	150,150	0	0
41	1	1	3	0	0	3	0	916,917,914,915,41	-1	41	-1	-1	-1	0	0	200,200	0	0
42	1	1	1	0	0	3	0	918,919,920,921,42	-1	42	-1	-1	-1	0	0	500,600	0	0
43	1	1	0	0	0	3	0	43	-1	43	-1	-1	-1	0	0	300,300	0	0
44	1	1	3	0	0	3	0	916,917,914,915,44	-1	44	-1	-1	-1	0	0	200,200	0	0
45	1	1	1	0	0	3	0	918,919,920,921,45	-1	45	-1	-1	-1	0	0	380,400	0	0
46	1	1	0	0	0	3	0	46	-1	46	-1	-1	-1	0	0	300,300	0	0
47	1	1	3	0	0	3	0	916,917,914,915,47	-1	47	-1	-1	-1	0	0	250,250	0	0
48	1	1	1	0	0	3	0	918,919,920,921,48	-1	48	-1	-1	-1	0	0	550,650	0	0
49	1	1	0	0	0	3	0	49	-1	49	-1	-1	-1	0	0	0	0	0
50	1	1	3	0	0	3	0	922,50	-1	50	-1	-1	-1	0	0	0	0	0
51	1	1	1	0	0	1	0	925,923,924,51	-1	51	-1	-1	-1	0	0	0	0	0
52	1	1	0	0	0	3	0	52	-1	52	-1	-1	-1	0	0	250,250	0	0
53	1	1	3	0	0	3	0	922,53	-1	53	-1	-1	-1	0	0	250,250	0	0
54	1	1	1	0	0	1	0	925,923,924,54	-1	54	-1	-1	-1	0	0	270,100	0	0
55	1	1	0	0	0	3	0	55	-1	55	-1	-1	-1	0	0	180,180	0	0
56	1	1	3	0	0	3	0	922,56	-1	56	-1	-1	-1	0	0	250,250	0	0
57	1	1	1	0	0	1	0	925,923,924,57	-1	57	-1	-1	-1	0	0	-150,-300	0	0
58	1	1	0	0	0	3	0	58	-1	58	-1	-1	-1	0	0	350,350	0	0
59	1	1	3	0	0	3	0	922,59	-1	59	-1	-1	-1	0	0	350,350	0	0
60	1	1	1	0	0	1	0	925,923,924,60	-1	60	-1	-1	-1	0	0	250,100	0	0
61	1	1	0	0	0	3	0	61	-1	61	-1	-1	-1	0	0	0	0	0
62	1	1	3	0	0	3	0	927,926,62	-1	62	-1	-1	-1	0	0	0	0	0
63	1	1	1	0	0	4	0	928,929,63	-1	63	-1	-1	-1	0	0	0	0	0
64	1	1	0	0	0	3	0	64	-1	64	-1	-1	-1	0	0	250,250	0	0
65	1	1	3	0	0	3	0	927,926,65	-1	65	-1	-1	-1	0	0	200,200	0	0
66	1	1	1	0	0	4	0	928,929,66	-1	66	-1	-1	-1	0	0	250,250	0	115
67	1	1	0	0	0	3	0	67	-1	67	-1	-1	-1	0	0	200,200	0	0
68	1	1	3	0	0	3	0	927,926,68	-1	68	-1	-1	-1	0	0	200,200	0	0
69	1	1	1	0	0	4	0	928,929,69	-1	69	-1	-1	-1	0	0	200,200	0	115
70	1	1	0	0	0	3	0	70	-1	70	-1	-1	-1	0	0	250,250	0	0
71	1	1	3	0	0	3	0	927,926,71	-1	71	-1	-1	-1	0	0	330,330	0	0
72	1	1	1	0	0	4	0	928,929,72	-1	72	-1	-1	-1	0	0	380,380	0	115
73	1	1	0	0	0	3	0	73	-1	73	-1	-1	-1	0	0	0	0	0
74	1	1	3	0	0	3	0	931,932,930,74	-1	74	-1	-1	-1	0	0	0	0	0
75	1	1	1	0	0	1	0	934,935,936,75,933	-1	75	-1	-1	-1	0	0	0	0	0
76	1	1	0	0	0	3	0	76	-1	76	-1	-1	-1	0	0	200,200	0	0
77	1	1	3	0	0	3	0	931,932,930,77	-1	77	-1	-1	-1	0	0	200,200	0	0
78	1	1	1	0	0	1	0	934,935,936,78,933	-1	78	-1	-1	-1	0	0	0	0	0
79	1	1	0	0	0	3	0	79	-1	79	-1	-1	-1	0	0	200,200	0	0
80	1	1	3	0	0	3	0	931,932,930,80	-1	80	-1	-1	-1	0	0	250,250	0	0
81	1	1	1	0	0	1	0	934,935,936,81,933	-1	81	-1	-1	-1	0	0	0	0	0
82	1	1	0	0	0	3	0	82	-1	82	-1	-1	-1	0	0	200,200	0	0
83	1	1	3	0	0	3	0	931,932,930,83	-1	83	-1	-1	-1	0	0	350,350	0	0
84	1	1	1	0	0	1	0	934,935,936,84,933	-1	84	-1	-1	-1	0	0	80,80	0	0
85	1	1	0	0	0	3	0	85	-1	85	-1	-1	-1	0	0	0	0	0
86	1	1	3	0	0	3	0	937,938,86	-1	86	-1	-1	-1	0	0	0	0	0
87	1	1	1	0	0	1	0	87	-1	87	-1	-1	-1	0	0	0	0	0
88	1	1	0	0	0	3	0	88	-1	88	-1	-1	-1	0	0	0	0	0
89	1	1	3	0	0	3	0	937,938,89	-1	89	-1	-1	-1	0	0	0	0	0
90	1	1	1	0	0	1	0	90	-1	90	-1	-1	-1	0	0	0	0	0
91	1	1	0	0	0	3	0	91	-1	91	-1	-1	-1	0	0	200,200	0	0
92	1	1	3	0	0	3	0	937,938,92	-1	92	-1	-1	-1	0	0	250,250	0	0
93	1	1	1	0	0	1	0	93	-1	93	-1	-1	-1	0	0	150,150	0	0
94	1	1	0	0	0	3	0	94	-1	94	-1	-1	-1	0	0	0	0	0
95	1	1	3	0	0	3	0	937,938,95	-1	95	-1	-1	-1	0	0	0	0	0
96	1	1	1	0	0	1	0	96	-1	96	-1	-1	-1	0	0	0	0	0
97	1	1	0	0	0	3	0	97	-1	97	-1	-1	-1	0	0	250,250	0	0
98	1	1	3	0	0	3	0	943,942,98	-1	98	-1	-1	-1	0	0	0	0	0
99	1	1	1	0	0	1	0	944,945,99	-1	99	-1	-1	-1	0	0	0	0	0
100	1	1	0	0	0	3	0	100	-1	100	-1	-1	-1	0	0	180,180	0	0
101	1	1	3	0	0	3	0	943,942,101	-1	101	-1	-1	-1	0	0	200,200	0	0
102	1	1	1	0	0	1	0	944,945,102	-1	102	-1	-1	-1	0	0	0	0	0
103	1	1	0	0	0	3	0	103	-1	103	-1	-1	-1	0	0	250,250	0	0
104	1	1	3	0	0	3	0	943,942,104	-1	104	-1	-1	-1	0	0	200,200	0	0
105	1	1	1	0	0	1	0	944,945,105	-1	105	-1	-1	-1	0	0	150,150	0	0
106	1	1	0	0	0	3	0	106	-1	106	-1	-1	-1	0	0	230,230	0	0
107	1	1	3	0	0	3	0	943,942,107	-1	107	-1	-1	-1	0	0	380,380	0	0
108	1	1	1	0	0	1	0	944,945,108	-1	108	-1	-1	-1	0	0	150,150	0	0
109	1	1	0	0	0	3	0	109	-1	109	-1	-1	-1	0	0	0	0	0
110	1	1	3	0	0	10	0	946,947,110	-1	110	-1	-1	-1	0	0	0	0	0
111	1	1	1	0	0	1	0	948,949,111	-1	111	-1	-1	-1	0	0	0	0	0
112	1	1	0	0	0	3	0	112	-1	112	-1	-1	-1	0	0	150,150	0	0
113	1	1	3	0	0	3	0	946,947,113	-1	113	-1	-1	-1	0	0	250,300	0	0
114	1	1	1	0	0	1	0	948,949,114	-1	114	-1	-1	-1	0	0	0	0	0
115	1	1	0	0	0	3	0	115	-1	115	-1	-1	-1	0	0	200,200	0	0
116	1	1	3	0	0	3	0	946,947,116	-1	116	-1	-1	-1	0	0	350,450	0	0
117	1	1	1	0	0	1	0	948,949,117	-1	117	-1	-1	-1	0	0	100,100	0	0
118	1	1	0	0	0	3	0	118	-1	118	-1	-1	-1	0	0	260,260	0	0
119	1	1	3	0	0	3	0	946,947,119	-1	119	-1	-1	-1	0	0	350,400	0	0
120	1	1	1	0	0	1	0	948,949,120	-1	120	-1	-1	-1	0	0	0	0	0
121	1	1	0	0	0	3	0	121	-1	121	-1	-1	-1	0	0	0	0	0
122	1	1	3	0	0	10	0	951,952,122,950	-1	122	-1	-1	-1	0	0	0	0	0
123	1	1	1	0	0	3	0	954,123,953,955	-1	123	-1	-1	-1	0	0	0	0	0
124	1	1	0	0	0	3	0	124	-1	124	-1	-1	-1	0	0	0	0	0
125	1	1	3	0	0	10	0	951,952,125,950	-1	125	-1	-1	-1	0	0	0	0	0
126	1	1	1	0	0	3	0	954,126,953,955	-1	126	-1	-1	-1	0	0	0	0	115
127	1	1	0	0	0	3	0	127	-1	127	-1	-1	-1	0	0	0	0	0
128	1	1	3	0	0	10	0	951,952,128,950	-1	128	-1	-1	-1	0	0	0	0	0
129	1	1	1	0	0	3	0	954,129,953,955	-1	129	-1	-1	-1	0	0	0	0	115
130	1	1	0	0	0	3	0	130	-1	130	-1	-1	-1	0	0	0	0	0
131	1	1	3	0	0	10	0	951,952,131,950	-1	131	-1	-1	-1	0	0	0	0	0
132	1	1	1	0	0	3	0	954,132,953,955	-1	132	-1	-1	-1	0	0	0	0	115
133	1	1	0	0	0	3	0	133	-1	133	-1	-1	-1	0	0	0	0	0
134	1	1	3	0	0	10	0	134	-1	134	-1	-1	-1	0	0	0	0	0
135	1	1	1	0	0	3	0	956,135	-1	135	-1	-1	-1	0	0	0	0	0
136	1	1	0	0	0	3	0	136	-1	136	-1	-1	-1	0	0	0	0	0
137	1	1	3	0	0	10	0	137	-1	137	-1	-1	-1	0	0	0	0	0
138	1	1	1	0	0	3	0	956,138	-1	138	-1	-1	-1	0	0	0	0	115
139	1	1	0	0	0	3	0	139	-1	139	-1	-1	-1	0	0	0	0	0
140	1	1	3	0	0	10	0	140	-1	140	-1	-1	-1	0	0	0	0	0
141	1	1	1	0	0	3	0	956,141	-1	141	-1	-1	-1	0	0	0	0	115
142	1	1	0	0	0	3	0	142	-1	142	-1	-1	-1	0	0	0	0	0
143	1	1	3	0	0	10	0	143	-1	143	-1	-1	-1	0	0	0	0	0
144	1	1	1	0	0	3	0	956,144	-1	144	-1	-1	-1	0	0	0	0	115
145	1	1	0	0	0	3	0	145	-1	145	-1	-1	-1	0	0	100,100	0	0
146	1	1	3	0	0	3	0	872,146	-1	146	-1	-1	-1	0	0	100,100	0	0
147	1	1	1	0	0	3	0	873,147	-1	147	-1	-1	-1	0	0	350,450	0	0
148	1	1	0	0	0	3	0	148	-1	148	-1	-1	-1	0	0	160,160	0	0
149	1	1	3	0	0	3	0	872,149	-1	149	-1	-1	-1	0	0	150,150	0	0
150	1	1	1	0	0	3	0	873,150	-1	150	-1	-1	-1	0	0	480,580	0	0
151	1	1	0	0	0	3	0	151	-1	151	-1	-1	-1	0	0	300,300	0	0
152	1	1	3	0	0	3	0	872,152	-1	152	-1	-1	-1	0	0	250,250	0	0
153	1	1	1	0	0	3	0	873,153	-1	153	-1	-1	-1	0	0	330,400	0	0
154	1	1	0	0	0	3	0	154	-1	154	-1	-1	-1	0	0	400,400	0	0
155	1	1	3	0	0	3	0	872,155	-1	155	-1	-1	-1	0	0	250,250	0	0
156	1	1	1	0	0	3	0	873,156	-1	156	-1	-1	-1	0	0	370,500	0	0
157	1	1	0	0	0	3	0	157	-1	157	-1	-1	-1	0	0	0	0	0
158	1	1	3	0	0	3	0	158,958	-1	158	-1	-1	-1	0	0	0	0	0
159	1	1	1	0	0	10	0	159,960	-1	159	-1	-1	-1	0	0	0	0	0
160	1	1	0	0	0	3	0	160	-1	160	-1	-1	-1	0	0	250,250	0	0
161	1	1	3	0	0	3	0	161,958	-1	161	-1	-1	-1	0	0	200,200	0	0
162	1	1	1	0	0	3	0	162,960	-1	162	-1	-1	-1	0	0	400,480	0	0
163	1	1	0	0	0	3	0	163	-1	163	-1	-1	-1	0	0	200,200	0	0
164	1	1	3	0	0	3	0	164,958	-1	164	-1	-1	-1	0	0	400,400	0	0
165	1	1	1	0	0	3	0	165,960	-1	165	-1	-1	-1	0	0	450,500	0	0
166	1	1	0	0	0	3	0	166	-1	166	-1	-1	-1	0	0	200,200	0	0
167	1	1	3	0	0	3	0	167,958	-1	167	-1	-1	-1	0	0	300,300	0	0
168	1	1	1	0	0	3	0	168,960	-1	168	-1	-1	-1	0	0	530,570	0	0
169	1	1	0	0	0	3	0	169	-1	169	-1	-1	-1	0	0	0	0	0
170	1	1	3	0	0	3	0	818,170	-1	170	-1	-1	-1	0	0	0	0	0
171	1	1	1	0	0	1	0	819,171	-1	171	-1	-1	-1	0	0	0	0	0
172	1	1	0	0	0	3	0	172	-1	172	-1	-1	-1	0	0	200,200	0	0
173	1	1	3	0	0	3	0	818,173	-1	173	-1	-1	-1	0	0	250,250	0	0
174	1	1	1	0	0	1	0	819,174	-1	174	-1	-1	-1	0	0	100,100	0	0
175	1	1	0	0	0	3	0	175	-1	175	-1	-1	-1	0	0	200,200	0	0
176	1	1	3	0	0	3	0	818,176	-1	176	-1	-1	-1	0	0	250,250	0	0
177	1	1	1	0	0	1	0	819,177	-1	177	-1	-1	-1	0	0	80,80	0	0
178	1	1	0	0	0	3	0	178	-1	178	-1	-1	-1	0	0	200,200	0	0
179	1	1	3	0	0	3	0	818,179	-1	179	-1	-1	-1	0	0	300,300	0	0
180	1	1	1	0	0	1	0	819,180	-1	180	-1	-1	-1	0	0	20,20	0	0
181	1	1	0	0	0	3	0	181	-1	181	-1	-1	-1	0	0	0	0	0
182	1	1	3	0	0	3	0	810,182	-1	182	-1	-1	-1	0	0	0	0	0
183	1	1	1	0	0	10	0	811,812,183	-1	183	-1	-1	-1	0	0	0	0	0
184	1	1	0	0	0	3	0	184	-1	184	-1	-1	-1	0	0	200,200	0	0
185	1	1	3	0	0	3	0	810,185	-1	185	-1	-1	-1	0	0	200,200	0	0
186	1	1	1	0	0	3	0	811,812,186	-1	186	-1	-1	-1	0	0	380,450	0	0
187	1	1	0	0	0	3	0	187	-1	187	-1	-1	-1	0	0	280,280	0	0
188	1	1	3	0	0	3	0	810,188	-1	188	-1	-1	-1	0	0	280,280	0	0
189	1	1	1	0	0	3	0	811,812,189	-1	189	-1	-1	-1	0	0	350,450	0	0
190	1	1	0	0	0	3	0	190	-1	190	-1	-1	-1	0	0	300,300	0	0
191	1	1	3	0	0	3	0	810,191	-1	191	-1	-1	-1	0	0	250,250	0	0
192	1	1	1	0	0	3	0	811,812,192	-1	192	-1	-1	-1	0	0	400,450	0	0
193	1	1	0	0	0	3	0	193	-1	193	-1	-1	-1	0	0	0	0	0
194	1	1	3	0	0	3	0	813,194	-1	194	-1	-1	-1	0	0	0	0	0
195	1	1	1	0	0	10	0	814,195	-1	195	-1	-1	-1	0	0	0	0	0
196	1	1	0	0	0	3	0	196	-1	196	-1	-1	-1	0	0	200,200	0	0
197	1	1	3	0	0	3	0	813,197	-1	197	-1	-1	-1	0	0	250,250	0	0
198	1	1	1	0	0	3	0	814,198	-1	198	-1	-1	-1	0	0	340,400	0	0
199	1	1	0	0	0	3	0	199	-1	199	-1	-1	-1	0	0	150,150	0	0
200	1	1	3	0	0	3	0	813,200	-1	200	-1	-1	-1	0	0	150,150	0	0
201	1	1	1	0	0	3	0	814,201	-1	201	-1	-1	-1	0	0	400,450	0	0
202	1	1	0	0	0	3	0	202	-1	202	-1	-1	-1	0	0	200,200	0	0
203	1	1	3	0	0	3	0	813,203	-1	203	-1	-1	-1	0	0	200,200	0	0
204	1	1	1	0	0	3	0	814,204	-1	204	-1	-1	-1	0	0	400,450	0	0
205	1	1	0	0	0	3	0	205	-1	205	-1	-1	-1	0	0	0	0	0
206	1	1	3	0	0	3	0	886,206	-1	206	-1	-1	-1	0	0	0	0	0
207	1	1	1	0	0	3	0	207	-1	207	-1	-1	-1	0	0	0	0	0
208	1	1	0	0	0	3	0	208	-1	208	-1	-1	-1	0	0	200,200	0	0
209	1	1	3	0	0	3	0	886,209	-1	209	-1	-1	-1	0	0	250,250	0	0
210	1	1	1	0	0	3	0	210	-1	210	-1	-1	-1	0	0	400,400	0	115
211	1	1	0	0	0	3	0	211	-1	211	-1	-1	-1	0	0	200,200	0	0
212	1	1	3	0	0	3	0	886,212	-1	212	-1	-1	-1	0	0	400,400	0	0
213	1	1	1	0	0	3	0	213	-1	213	-1	-1	-1	0	0	400,400	0	115
214	1	1	0	0	0	3	0	214	-1	214	-1	-1	-1	0	0	250,250	0	0
215	1	1	3	0	0	3	0	886,215	-1	215	-1	-1	-1	0	0	350,350	0	0
216	1	1	1	0	0	1	0	216	-1	216	-1	-1	-1	0	0	0	0	0
217	1	1	0	0	0	3	0	217	-1	217	-1	-1	-1	0	0	0	0	0
218	1	1	3	0	0	3	0	898,218	-1	218	-1	-1	-1	0	0	0	0	0
219	1	1	1	0	0	1	0	899,901,900,219	-1	219	-1	-1	-1	0	0	0	0	0
220	1	1	0	0	0	3	0	220	-1	220	-1	-1	-1	0	0	200,200	0	0
221	1	1	3	0	0	3	0	898,221	-1	221	-1	-1	-1	0	0	150,150	0	0
222	1	1	1	0	0	1	0	899,901,900,222	-1	222	-1	-1	-1	0	0	150,0	0	0
223	1	1	0	0	0	3	0	223	-1	223	-1	-1	-1	0	0	250,250	0	0
224	1	1	3	0	0	3	0	898,224	-1	224	-1	-1	-1	0	0	350,350	0	0
225	1	1	1	0	0	1	0	899,901,900,225	-1	225	-1	-1	-1	0	0	160,-40	0	0
226	1	1	0	0	0	3	0	226	-1	226	-1	-1	-1	0	0	350,350	0	0
227	1	1	3	0	0	3	0	898,227	-1	227	-1	-1	-1	0	0	200,200	0	0
228	1	1	1	0	0	1	0	899,901,900,228	-1	228	-1	-1	-1	0	0	200,0	0	0
229	1	1	0	0	0	3	0	229	-1	229	-1	-1	-1	0	0	0	0	0
230	1	1	3	0	0	3	0	889,890,891,892,230	-1	230	-1	-1	-1	0	0	0	0	0
231	1	1	1	0	0	3	0	231	-1	231	-1	-1	-1	0	0	0	0	0
232	1	1	0	0	0	3	0	232	-1	232	-1	-1	-1	0	0	130,130	0	0
233	1	1	3	0	0	3	0	889,890,891,892,233	-1	233	-1	-1	-1	0	0	300,300	0	0
234	1	1	1	0	0	3	0	234	-1	234	-1	-1	-1	0	0	250,250	0	115
235	1	1	0	0	0	3	0	235	-1	235	-1	-1	-1	0	0	200,200	0	0
236	1	1	3	0	0	3	0	889,890,891,892,236	-1	236	-1	-1	-1	0	0	230,230	0	0
237	1	1	1	0	0	3	0	237	-1	237	-1	-1	-1	0	0	320,320	0	115
238	1	1	0	0	0	3	0	238	-1	238	-1	-1	-1	0	0	350,350	0	0
239	1	1	3	0	0	3	0	889,890,891,892,239	-1	239	-1	-1	-1	0	0	250,250	0	0
240	1	1	1	0	0	3	0	240	-1	240	-1	-1	-1	0	0	350,350	0	115
241	1	1	0	0	0	3	0	241	-1	241	-1	-1	-1	0	0	200,200	0	0
242	1	1	3	0	0	3	0	242	-1	242	-1	-1	-1	0	0	200,200	0	0
243	1	1	1	0	0	3	0	844,243,843	-1	243	-1	-1	-1	0	0	200,200	0	115
244	1	1	0	0	0	3	0	244	-1	244	-1	-1	-1	0	0	150,150	0	0
245	1	1	3	0	0	3	0	245	-1	245	-1	-1	-1	0	0	220,220	0	0
246	1	1	1	0	0	3	0	844,246,843	-1	246	-1	-1	-1	0	0	150,150	0	115
247	1	1	0	0	0	3	0	247	-1	247	-1	-1	-1	0	0	150,150	0	0
248	1	1	3	0	0	3	0	248	-1	248	-1	-1	-1	0	0	120,120	0	0
249	1	1	1	0	0	3	0	844,249,843	-1	249	-1	-1	-1	0	0	400,400	0	115
250	1	1	0	0	0	3	0	250	-1	250	-1	-1	-1	0	0	200,200	0	0
251	1	1	3	0	0	3	0	251	-1	251	-1	-1	-1	0	0	300,300	0	0
252	1	1	1	0	0	3	0	844,252,843	-1	252	-1	-1	-1	0	0	300,300	0	115
253	1	1	0	0	0	3	0	253	-1	253	-1	-1	-1	0	0	0	0	0
254	1	1	3	0	0	3	0	902,903,904,254	-1	254	-1	-1	-1	0	0	0	0	0
255	1	1	1	0	0	3	0	255	-1	255	-1	-1	-1	0	0	0	0	0
256	1	1	0	0	0	3	0	256	-1	256	-1	-1	-1	0	0	200,200	0	0
257	1	1	3	0	0	3	0	902,903,904,257	-1	257	-1	-1	-1	0	0	180,180	0	0
258	1	1	1	0	0	3	0	258	-1	258	-1	-1	-1	0	0	350,350	0	115
259	1	1	0	0	0	3	0	259	-1	259	-1	-1	-1	0	0	150,150	0	0
260	1	1	3	0	0	3	0	902,903,904,260	-1	260	-1	-1	-1	0	0	180,180	0	0
261	1	1	1	0	0	3	0	261	-1	261	-1	-1	-1	0	0	300,300	0	115
262	1	1	0	0	0	3	0	262	-1	262	-1	-1	-1	0	0	200,200	0	0
263	1	1	3	0	0	3	0	902,903,904,263	-1	263	-1	-1	-1	0	0	280,280	0	0
264	1	1	1	0	0	3	0	264	-1	264	-1	-1	-1	0	0	250,250	0	115
265	1	1	0	0	0	3	0	265	-1	265	-1	-1	-1	0	0	0	0	0
266	1	1	3	0	0	3	0	962,266	-1	266	-1	-1	-1	0	0	0	0	0
267	1	1	1	0	0	10	0	963,964,267	-1	267	-1	-1	-1	0	0	0	0	0
268	1	1	0	0	0	3	0	268	-1	268	-1	-1	-1	0	0	200,200	0	0
269	1	1	3	0	0	3	0	962,269	-1	269	-1	-1	-1	0	0	300,300	0	0
270	1	1	1	0	0	3	0	963,964,270	-1	270	-1	-1	-1	0	0	400,450	0	0
271	1	1	0	0	0	3	0	271	-1	271	-1	-1	-1	0	0	200,200	0	0
272	1	1	3	0	0	3	0	962,272	-1	272	-1	-1	-1	0	0	100,100	0	0
273	1	1	1	0	0	3	0	963,964,273	-1	273	-1	-1	-1	0	0	200,380	0	0
274	1	1	0	0	0	3	0	274	-1	274	-1	-1	-1	0	0	150,150	0	0
275	1	1	3	0	0	3	0	962,275	-1	275	-1	-1	-1	0	0	150,150	0	0
276	1	1	1	0	0	3	0	963,964,276	-1	276	-1	-1	-1	0	0	350,420	0	0
277	1	1	0	0	0	3	0	277	-1	277	-1	-1	-1	0	0	0	0	0
278	1	1	3	0	0	3	0	278	-1	278	-1	-1	-1	0	0	0	0	0
279	1	1	1	0	0	11	0	279,279,279	-1	279	-1	-1	-1	0	0	0	0	0
280	1	1	0	0	0	3	0	280	-1	280	-1	-1	-1	0	0	250,250	0	0
281	1	1	3	0	0	3	0	281	-1	281	-1	-1	-1	0	0	150,150	0	0
282	1	1	1	0	0	11	0	282,282,282	-1	282	-1	-1	-1	0	0	330,330	0	0
283	1	1	0	0	0	3	0	283	-1	283	-1	-1	-1	0	0	200,200	0	0
284	1	1	3	0	0	3	0	284	-1	284	-1	-1	-1	0	0	300,300	0	0
285	1	1	1	0	0	11	0	285,285,285	-1	285	-1	-1	-1	0	0	250,250	0	0
286	1	1	0	0	0	3	0	286	-1	286	-1	-1	-1	0	0	200,200	0	0
287	1	1	3	0	0	3	0	287	-1	287	-1	-1	-1	0	0	300,300	0	0
288	1	1	1	0	0	11	0	288,288,288	-1	288	-1	-1	-1	0	0	230,230	0	0
289	1	1	0	0	0	3	0	289	-1	289	-1	-1	-1	0	0	0	0	0
290	1	1	3	0	0	3	0	821,290	-1	290	-1	-1	-1	0	0	0	0	0
291	1	1	1	0	0	1	0	822,823,291	-1	291	-1	-1	-1	0	0	0	0	0
292	1	1	0	0	0	3	0	292	-1	292	-1	-1	-1	0	0	150,150	0	0
293	1	1	3	0	0	3	0	821,293	-1	293	-1	-1	-1	0	0	200,200	0	0
294	1	1	1	0	0	1	0	822,823,294	-1	294	-1	-1	-1	0	0	0	0	0
295	1	1	0	0	0	3	0	295	-1	295	-1	-1	-1	0	0	150,150	0	0
296	1	1	3	0	0	3	0	821,296	-1	296	-1	-1	-1	0	0	200,200	0	0
297	1	1	1	0	0	1	0	822,823,297	-1	297	-1	-1	-1	0	0	150,-50	0	0
298	1	1	0	0	0	3	0	298	-1	298	-1	-1	-1	0	0	300,300	0	0
299	1	1	3	0	0	3	0	821,299	-1	299	-1	-1	-1	0	0	300,300	0	0
300	1	1	1	0	0	1	0	822,823,300	-1	300	-1	-1	-1	0	0	200,0	0	0
301	1	1	0	0	0	3	0	301	-1	301	-1	-1	-1	0	0	0	0	0
302	1	1	3	0	0	3	0	302	-1	302	-1	-1	-1	0	0	0	0	0
303	1	1	1	0	0	1	0	876,303	-1	303	-1	-1	-1	0	0	0	0	0
304	1	1	0	0	0	3	0	304	-1	304	-1	-1	-1	0	0	150,150	0	0
305	1	1	3	0	0	3	0	305	-1	305	-1	-1	-1	0	0	150,150	0	0
306	1	1	1	0	0	1	0	876,306	-1	306	-1	-1	-1	0	0	0	0	0
307	1	1	0	0	0	3	0	307	-1	307	-1	-1	-1	0	0	320,320	0	0
308	1	1	3	0	0	3	0	308	-1	308	-1	-1	-1	0	0	200,200	0	0
309	1	1	1	0	0	1	0	876,309	-1	309	-1	-1	-1	0	0	150,150	0	0
310	1	1	0	0	0	3	0	310	-1	310	-1	-1	-1	0	0	180,180	0	0
311	1	1	3	0	0	3	0	311	-1	311	-1	-1	-1	0	0	250,250	0	0
312	1	1	1	0	0	1	0	876,312	-1	312	-1	-1	-1	0	0	100,100	0	0
313	1	1	0	0	0	3	0	313	-1	313	-1	-1	-1	0	0	0	0	0
314	1	1	3	0	0	3	0	314,957	-1	314	-1	-1	-1	0	0	0	0	0
315	1	1	1	0	0	10	0	315	-1	315	-1	-1	-1	0	0	0	0	0
316	1	1	0	0	0	3	0	316	-1	316	-1	-1	-1	0	0	250,250	0	0
317	1	1	3	0	0	3	0	317,957	-1	317	-1	-1	-1	0	0	350,350	0	0
318	1	1	1	0	0	3	0	318	-1	318	-1	-1	-1	0	0	420,520	0	0
319	1	1	0	0	0	3	0	319	-1	319	-1	-1	-1	0	0	220,220	0	0
320	1	1	3	0	0	3	0	320,957	-1	320	-1	-1	-1	0	0	300,300	0	0
321	1	1	1	0	0	3	0	321	-1	321	-1	-1	-1	0	0	400,400	0	0
322	1	1	0	0	0	3	0	322	-1	322	-1	-1	-1	0	0	300,300	0	0
323	1	1	3	0	0	3	0	323,957	-1	323	-1	-1	-1	0	0	300,300	0	0
324	1	1	1	0	0	3	0	324	-1	324	-1	-1	-1	0	0	450,510	0	0
325	1	1	0	0	0	3	0	325	-1	325	-1	-1	-1	0	0	0	0	0
326	1	1	3	0	0	3	0	879,880,326	-1	326	-1	-1	-1	0	0	0	0	0
327	1	1	1	0	0	3	0	881,882,327	-1	327	-1	-1	-1	0	0	0	0	0
328	1	1	0	0	0	3	0	328	-1	328	-1	-1	-1	0	0	200,200	0	0
329	1	1	3	0	0	3	0	879,880,329	-1	329	-1	-1	-1	0	0	200,200	0	0
330	1	1	1	0	0	3	0	881,882,330	-1	330	-1	-1	-1	0	0	220,220	0	115
331	1	1	0	0	0	3	0	331	-1	331	-1	-1	-1	0	0	150,150	0	0
332	1	1	3	0	0	3	0	879,880,332	-1	332	-1	-1	-1	0	0	230,230	0	0
333	1	1	1	0	0	3	0	881,882,333	-1	333	-1	-1	-1	0	0	200,200	0	115
334	1	1	0	0	0	3	0	334	-1	334	-1	-1	-1	0	0	80,80	0	0
335	1	1	3	0	0	3	0	879,880,335	-1	335	-1	-1	-1	0	0	200,200	0	0
336	1	1	1	0	0	3	0	881,882,336	-1	336	-1	-1	-1	0	0	250,250	0	115
337	1	1	0	0	0	3	0	337	-1	337	-1	-1	-1	0	0	0	0	0
338	1	1	3	0	0	3	0	883,338	-1	338	-1	-1	-1	0	0	0	0	0
339	1	1	1	0	0	1	0	884,885,339	-1	339	-1	-1	-1	0	0	0	0	0
340	1	1	0	0	0	3	0	340	-1	340	-1	-1	-1	0	0	200,200	0	0
341	1	1	3	0	0	3	0	883,341	-1	341	-1	-1	-1	0	0	220,220	0	0
342	1	1	1	0	0	1	0	884,885,342	-1	342	-1	-1	-1	0	0	0	0	0
343	1	1	0	0	0	3	0	343	-1	343	-1	-1	-1	0	0	220,220	0	0
344	1	1	3	0	0	3	0	883,344	-1	344	-1	-1	-1	0	0	180,180	0	0
345	1	1	1	0	0	1	0	884,885,345	-1	345	-1	-1	-1	0	0	0	0	0
346	1	1	0	0	0	3	0	346	-1	346	-1	-1	-1	0	0	250,250	0	0
347	1	1	3	0	0	3	0	883,347	-1	347	-1	-1	-1	0	0	250,250	0	0
348	1	1	1	0	0	1	0	884,885,348	-1	348	-1	-1	-1	0	0	0	0	0
349	1	1	0	0	0	3	0	349	-1	349	-1	-1	-1	0	0	0	0	0
350	1	1	3	0	0	3	0	965,350	-1	350	-1	-1	-1	0	0	0	0	0
351	1	1	1	0	0	1	0	966,967,968,351	-1	351	-1	-1	-1	0	0	0	0	0
352	1	1	0	0	0	3	0	352	-1	352	-1	-1	-1	0	0	200,200	0	0
353	1	1	3	0	0	3	0	965,353	-1	353	-1	-1	-1	0	0	300,300	0	0
354	1	1	1	0	0	1	0	966,967,968,354	-1	354	-1	-1	-1	0	0	80,80	0	0
355	1	1	0	0	0	3	0	355	-1	355	-1	-1	-1	0	0	200,200	0	0
356	1	1	3	0	0	3	0	965,356	-1	356	-1	-1	-1	0	0	300,300	0	0
357	1	1	1	0	0	1	0	966,967,968,357	-1	357	-1	-1	-1	0	0	0	0	0
358	1	1	0	0	0	3	0	358	-1	358	-1	-1	-1	0	0	200,200	0	0
359	1	1	3	0	0	3	0	965,359	-1	359	-1	-1	-1	0	0	240,240	0	0
360	1	1	1	0	0	1	0	966,967,968,360	-1	360	-1	-1	-1	0	0	50,50	0	0
361	1	1	0	0	0	3	0	361	-1	361	-1	-1	-1	0	0	0	0	0
362	1	1	3	0	0	3	0	984,985,986,987,362	-1	362	-1	-1	-1	0	0	0	0	0
363	1	1	1	0	0	3	0	988,989,990,991,363	-1	363	-1	-1	-1	0	0	0	0	0
364	1	1	0	0	0	3	0	364	-1	364	-1	-1	-1	0	0	150,150	0	0
365	1	1	3	0	0	3	0	984,985,986,987,365	-1	365	-1	-1	-1	0	0	200,200	0	0
366	1	1	1	0	0	3	0	988,989,990,991,366	-1	366	-1	-1	-1	0	0	280,280	0	115
367	1	1	0	0	0	3	0	367	-1	367	-1	-1	-1	0	0	250,250	0	0
368	1	1	3	0	0	3	0	984,985,986,987,368	-1	368	-1	-1	-1	0	0	200,200	0	0
369	1	1	1	0	0	1	0	988,989,990,991,369	-1	369	-1	-1	-1	0	0	0	0	0
370	1	1	0	0	0	3	0	370	-1	370	-1	-1	-1	0	0	330,330	0	0
371	1	1	3	0	0	3	0	984,985,986,987,371	-1	371	-1	-1	-1	0	0	280,280	0	0
372	1	1	1	0	0	3	0	988,989,990,991,372	-1	372	-1	-1	-1	0	0	300,300	0	115
373	1	1	0	0	0	3	0	373	-1	373	-1	-1	-1	0	0	0	0	0
374	1	1	3	0	0	3	0	839,374	-1	374	-1	-1	-1	0	0	0	0	0
375	1	1	1	0	0	10	0	840,820,375	-1	375	-1	-1	-1	0	0	0	0	0
376	1	1	0	0	0	3	0	376	-1	376	-1	-1	-1	0	0	250,250	0	0
377	1	1	3	0	0	3	0	839,377	-1	377	-1	-1	-1	0	0	200,200	0	0
378	1	1	1	0	0	3	0	840,820,378	-1	378	-1	-1	-1	0	0	300,400	0	0
379	1	1	0	0	0	3	0	379	-1	379	-1	-1	-1	0	0	200,200	0	0
380	1	1	3	0	0	3	0	839,380	-1	380	-1	-1	-1	0	0	200,200	0	0
381	1	1	1	0	0	3	0	840,820,381	-1	381	-1	-1	-1	0	0	470,510	0	0
382	1	1	0	0	0	3	0	382	-1	382	-1	-1	-1	0	0	160,160	0	0
383	1	1	3	0	0	3	0	839,383	-1	383	-1	-1	-1	0	0	180,180	0	0
384	1	1	1	0	0	3	0	840,820,384	-1	384	-1	-1	-1	0	0	250,380	0	0
385	1	1	0	0	0	3	0	385	-1	385	-1	-1	-1	0	0	0	0	0
386	1	1	3	0	0	3	0	815,386	-1	386	-1	-1	-1	0	0	0	0	0
387	1	1	1	0	0	1	0	816,817,387	-1	387	-1	-1	-1	0	0	0	0	0
388	1	1	0	0	0	3	0	388	-1	388	-1	-1	-1	0	0	200,200	0	0
389	1	1	3	0	0	3	0	815,389	-1	389	-1	-1	-1	0	0	230,230	0	0
390	1	1	1	0	0	1	0	816,817,390	-1	390	-1	-1	-1	0	0	100,-50	0	0
391	1	1	0	0	0	3	0	391	-1	391	-1	-1	-1	0	0	180,180	0	0
392	1	1	3	0	0	3	0	815,392	-1	392	-1	-1	-1	0	0	200,200	0	0
393	1	1	1	0	0	1	0	816,817,393	-1	393	-1	-1	-1	0	0	100,-50	0	0
394	1	1	0	0	0	3	0	394	-1	394	-1	-1	-1	0	0	200,200	0	0
395	1	1	3	0	0	3	0	815,395	-1	395	-1	-1	-1	0	0	260,260	0	0
396	1	1	1	0	0	1	0	816,817,396	-1	396	-1	-1	-1	0	0	200,-50	0	0
397	1	1	0	0	0	3	0	397	-1	397	-1	-1	-1	0	0	0	0	0
398	1	1	3	0	0	3	0	877,398	-1	398	-1	-1	-1	0	0	0	0	0
399	1	1	1	0	0	1	0	878,399	-1	399	-1	-1	-1	0	0	0	0	0
400	1	1	0	0	0	3	0	400	-1	400	-1	-1	-1	0	0	200,200	0	0
401	1	1	3	0	0	3	0	877,401	-1	401	-1	-1	-1	0	0	230,230	0	0
402	1	1	1	0	0	1	0	878,402	-1	402	-1	-1	-1	0	0	0	0	0
403	1	1	0	0	0	3	0	403	-1	403	-1	-1	-1	0	0	350,350	0	0
404	1	1	3	0	0	3	0	877,404	-1	404	-1	-1	-1	0	0	250,250	0	0
405	1	1	1	0	0	1	0	878,405	-1	405	-1	-1	-1	0	0	0	0	0
406	1	1	0	0	0	3	0	406	-1	406	-1	-1	-1	0	0	200,200	0	0
407	1	1	3	0	0	3	0	877,407	-1	407	-1	-1	-1	0	0	300,300	0	0
408	1	1	1	0	0	1	0	878,408	-1	408	-1	-1	-1	0	0	20,20	0	0
409	1	1	0	0	0	3	0	409	-1	409	-1	-1	-1	0	0	0	0	0
410	1	1	3	0	0	3	0	874,410	-1	410	-1	-1	-1	0	0	0	0	0
411	1	1	1	0	0	1	0	875,411	-1	411	-1	-1	-1	0	0	0	0	0
412	1	1	0	0	0	3	0	412	-1	412	-1	-1	-1	0	0	180,180	0	0
413	1	1	3	0	0	3	0	874,413	-1	413	-1	-1	-1	0	0	350,350	0	0
414	1	1	1	0	0	1	0	875,414	-1	414	-1	-1	-1	0	0	0	0	0
415	1	1	0	0	0	3	0	415	-1	415	-1	-1	-1	0	0	270,270	0	0
416	1	1	3	0	0	3	0	874,416	-1	416	-1	-1	-1	0	0	250,250	0	0
417	1	1	1	0	0	1	0	875,417	-1	417	-1	-1	-1	0	0	50,50	0	0
418	1	1	0	0	0	3	0	418	-1	418	-1	-1	-1	0	0	350,350	0	0
419	1	1	3	0	0	3	0	874,419	-1	419	-1	-1	-1	0	0	300,300	0	0
420	1	1	1	0	0	1	0	875,420	-1	420	-1	-1	-1	0	0	100,100	0	0
421	1	1	0	0	0	3	0	421	-1	421	-1	-1	-1	0	0	0	0	0
422	1	1	3	0	0	10	0	887,422	-1	422	-1	-1	-1	0	0	0	0	0
423	1	1	1	0	0	3	0	423,888	-1	423	-1	-1	-1	0	0	0	0	0
424	1	1	0	0	0	3	0	424	-1	424	-1	-1	-1	0	0	200,200	0	0
425	1	1	3	0	0	3	0	887,425	-1	425	-1	-1	-1	0	0	300,380	0	0
426	1	1	1	0	0	3	0	426,888	-1	426	-1	-1	-1	0	0	320,320	0	115
427	1	1	0	0	0	3	0	427	-1	427	-1	-1	-1	0	0	200,200	0	0
428	1	1	3	0	0	3	0	887,428	-1	428	-1	-1	-1	0	0	180,350	0	0
429	1	1	1	0	0	3	0	429,888	-1	429	-1	-1	-1	0	0	150,150	0	115
430	1	1	0	0	0	3	0	430	-1	430	-1	-1	-1	0	0	300,300	0	0
431	1	1	3	0	0	3	0	887,431	-1	431	-1	-1	-1	0	0	380,400	0	0
432	1	1	1	0	0	3	0	432,888	-1	432	-1	-1	-1	0	0	450,450	0	115
433	1	1	0	0	0	3	0	433	-1	433	-1	-1	-1	0	0	0	0	0
434	1	1	3	0	0	3	0	434,834	-1	434	-1	-1	-1	0	0	0	0	0
435	1	1	1	0	0	4	0	435,835	-1	435	-1	-1	-1	0	0	0	0	0
436	1	1	0	0	0	3	0	436	-1	436	-1	-1	-1	0	0	200,200	0	0
437	1	1	3	0	0	3	0	437,834	-1	437	-1	-1	-1	0	0	270,270	0	0
438	1	1	1	0	0	4	0	438,835	-1	438	-1	-1	-1	0	0	200,200	0	115
439	1	1	0	0	0	3	0	439	-1	439	-1	-1	-1	0	0	270,270	0	0
440	1	1	3	0	0	3	0	440,834	-1	440	-1	-1	-1	0	0	200,200	0	0
441	1	1	1	0	0	4	0	441,835	-1	441	-1	-1	-1	0	0	150,150	0	115
442	1	1	0	0	0	3	0	442	-1	442	-1	-1	-1	0	0	200,200	0	0
443	1	1	3	0	0	3	0	443,834	-1	443	-1	-1	-1	0	0	320,320	0	0
444	1	1	1	0	0	4	0	444,835	-1	444	-1	-1	-1	0	0	350,350	0	115
445	1	1	0	0	0	3	0	445	-1	445	-1	-1	-1	0	0	0	0	0
446	1	1	3	0	0	3	0	446	-1	446	-1	-1	-1	0	0	0	0	0
447	1	1	1	0	0	1	0	992,993,447	-1	447	-1	-1	-1	0	0	0	0	0
448	1	1	0	0	0	3	0	448	-1	448	-1	-1	-1	0	0	150,150	0	0
449	1	1	3	0	0	3	0	449	-1	449	-1	-1	-1	0	0	300,300	0	0
450	1	1	1	0	0	1	0	992,993,450	-1	450	-1	-1	-1	0	0	0	0	0
451	1	1	0	0	0	3	0	451	-1	451	-1	-1	-1	0	0	200,200	0	0
452	1	1	3	0	0	3	0	452	-1	452	-1	-1	-1	0	0	300,300	0	0
453	1	1	1	0	0	1	0	992,993,453	-1	453	-1	-1	-1	0	0	50,50	0	0
454	1	1	0	0	0	3	0	454	-1	454	-1	-1	-1	0	0	200,200	0	0
455	1	1	3	0	0	3	0	455	-1	455	-1	-1	-1	0	0	450,450	0	0
456	1	1	1	0	0	1	0	992,993,456	-1	456	-1	-1	-1	0	0	-50,-50	0	0
457	1	1	0	0	0	3	0	457	-1	457	-1	-1	-1	0	0	0	0	0
458	1	1	3	0	0	3	0	458	-1	458	-1	-1	-1	0	0	0	0	0
459	1	1	1	0	0	1	0	994,459	-1	459	-1	-1	-1	0	0	0	0	0
460	1	1	0	0	0	3	0	460	-1	460	-1	-1	-1	0	0	120,120	0	0
461	1	1	3	0	0	3	0	461	-1	461	-1	-1	-1	0	0	270,270	0	0
462	1	1	1	0	0	1	0	994,462	-1	462	-1	-1	-1	0	0	0	0	0
463	1	1	0	0	0	3	0	463	-1	463	-1	-1	-1	0	0	280,280	0	0
464	1	1	3	0	0	3	0	464	-1	464	-1	-1	-1	0	0	300,300	0	0
465	1	1	1	0	0	1	0	994,465	-1	465	-1	-1	-1	0	0	0	0	0
466	1	1	0	0	0	3	0	466	-1	466	-1	-1	-1	0	0	200,200	0	0
467	1	1	3	0	0	3	0	467	-1	467	-1	-1	-1	0	0	350,350	0	0
468	1	1	1	0	0	1	0	994,468	-1	468	-1	-1	-1	0	0	100,100	0	0
469	1	1	0	0	0	3	0	469	-1	469	-1	-1	-1	0	0	0	0	0
470	1	1	3	0	0	3	0	995,470,996	-1	470	-1	-1	-1	0	0	0	0	0
471	1	1	1	0	0	10	0	998,999,471,997	-1	471	-1	-1	-1	0	0	0	0	0
472	1	1	0	0	0	3	0	472	-1	472	-1	-1	-1	0	0	200,200	0	0
473	1	1	3	0	0	3	0	995,473,996	-1	473	-1	-1	-1	0	0	300,300	0	0
474	1	1	1	0	0	3	0	998,999,474,997	-1	474	-1	-1	-1	0	0	250,400	0	0
475	1	1	0	0	0	3	0	475	-1	475	-1	-1	-1	0	0	200,200	0	0
476	1	1	3	0	0	3	0	995,476,996	-1	476	-1	-1	-1	0	0	250,250	0	0
477	1	1	1	0	0	3	0	998,999,477,997	-1	477	-1	-1	-1	0	0	300,400	0	0
478	1	1	0	0	0	3	0	478	-1	478	-1	-1	-1	0	0	330,330	0	0
479	1	1	3	0	0	3	0	995,479,996	-1	479	-1	-1	-1	0	0	320,320	0	0
480	1	1	1	0	0	3	0	998,999,480,997	-1	480	-1	-1	-1	0	0	200,400	0	0
481	1	1	0	0	0	3	0	481	-1	481	-1	-1	-1	0	0	150,150	0	0
482	1	1	3	0	0	3	0	482	-1	482	-1	-1	-1	0	0	200,200	0	0
483	1	1	1	0	0	3	0	483	-1	483	-1	-1	-1	0	0	200,200	0	115
484	1	1	0	0	0	3	0	484	-1	484	-1	-1	-1	0	0	100,100	0	0
485	1	1	3	0	0	3	0	485	-1	485	-1	-1	-1	0	0	200,200	0	0
486	1	1	1	0	0	3	0	486	-1	486	-1	-1	-1	0	0	280,280	0	115
487	1	1	0	0	0	3	0	487	-1	487	-1	-1	-1	0	0	200,200	0	0
488	1	1	3	0	0	3	0	488	-1	488	-1	-1	-1	0	0	200,200	0	0
489	1	1	1	0	0	3	0	489	-1	489	-1	-1	-1	0	0	310,310	0	115
490	1	1	0	0	0	3	0	490	-1	490	-1	-1	-1	0	0	200,200	0	0
491	1	1	3	0	0	3	0	491	-1	491	-1	-1	-1	0	0	250,250	0	0
492	1	1	1	0	0	3	0	492	-1	492	-1	-1	-1	0	0	380,380	0	115
493	1	1	0	0	0	3	0	493	-1	493	-1	-1	-1	0	0	0	0	0
494	1	1	3	0	0	3	0	862,863,494	-1	494	-1	-1	-1	0	0	0	0	0
495	1	1	1	0	0	3	0	865,864,495	-1	495	-1	-1	-1	0	0	0	0	0
496	1	1	0	0	0	3	0	496	-1	496	-1	-1	-1	0	0	170,170	0	0
497	1	1	3	0	0	3	0	862,863,497	-1	497	-1	-1	-1	0	0	220,220	0	0
498	1	1	1	0	0	3	0	865,864,498	-1	498	-1	-1	-1	0	0	200,200	0	115
499	1	1	0	0	0	3	0	499	-1	499	-1	-1	-1	0	0	170,170	0	0
500	1	1	3	0	0	3	0	862,863,500	-1	500	-1	-1	-1	0	0	200,200	0	0
501	1	1	1	0	0	3	0	865,864,501	-1	501	-1	-1	-1	0	0	230,230	0	115
502	1	1	0	0	0	3	0	502	-1	502	-1	-1	-1	0	0	170,170	0	0
503	1	1	3	0	0	3	0	862,863,503	-1	503	-1	-1	-1	0	0	200,200	0	0
504	1	1	1	0	0	3	0	865,864,504	-1	504	-1	-1	-1	0	0	350,350	0	115
505	1	1	0	0	0	3	0	505	-1	505	-1	-1	-1	0	0	0	0	0
506	1	1	3	0	0	3	0	506	-1	506	-1	-1	-1	0	0	0	0	0
507	1	1	1	0	0	3	0	507	-1	507	-1	-1	-1	0	0	0	0	0
508	1	1	0	0	0	3	0	508	-1	508	-1	-1	-1	0	0	150,150	0	0
509	1	1	3	0	0	3	0	509	-1	509	-1	-1	-1	0	0	150,150	0	0
510	1	1	1	0	0	3	0	510	-1	510	-1	-1	-1	0	0	200,200	0	115
511	1	1	0	0	0	3	0	511	-1	511	-1	-1	-1	0	0	150,150	0	0
512	1	1	3	0	0	3	0	512	-1	512	-1	-1	-1	0	0	220,220	0	0
513	1	1	1	0	0	3	0	513	-1	513	-1	-1	-1	0	0	180,180	0	115
514	1	1	0	0	0	3	0	514	-1	514	-1	-1	-1	0	0	300,300	0	0
515	1	1	3	0	0	3	0	515	-1	515	-1	-1	-1	0	0	280,280	0	0
516	1	1	1	0	0	3	0	516	-1	516	-1	-1	-1	0	0	250,250	0	115
517	1	1	0	0	0	3	0	517	-1	517	-1	-1	-1	0	0	200,200	0	0
518	1	1	3	0	0	3	0	824,518	-1	518	-1	-1	-1	0	0	80,80	0	0
519	1	1	1	0	0	3	0	825,519,826	-1	519	-1	-1	-1	0	0	200,200	0	115
520	1	1	0	0	0	3	0	520	-1	520	-1	-1	-1	0	0	150,150	0	0
521	1	1	3	0	0	3	0	824,521	-1	521	-1	-1	-1	0	0	250,250	0	0
522	1	1	1	0	0	3	0	825,522,826	-1	522	-1	-1	-1	0	0	300,300	0	115
523	1	1	0	0	0	3	0	523	-1	523	-1	-1	-1	0	0	250,250	0	0
524	1	1	3	0	0	3	0	824,524	-1	524	-1	-1	-1	0	0	250,250	0	0
525	1	1	1	0	0	3	0	825,525,826	-1	525	-1	-1	-1	0	0	400,400	0	115
526	1	1	0	0	0	3	0	526	-1	526	-1	-1	-1	0	0	300,300	0	0
527	1	1	3	0	0	3	0	824,527	-1	527	-1	-1	-1	0	0	370,370	0	0
528	1	1	1	0	0	3	0	825,528,826	-1	528	-1	-1	-1	0	0	370,370	0	115
529	1	1	0	0	0	3	0	529	-1	529	-1	-1	-1	0	0	0	0	0
530	1	1	3	0	0	3	0	866,530	-1	530	-1	-1	-1	0	0	0	0	0
531	1	1	1	0	0	10	0	868,867,531	-1	531	-1	-1	-1	0	0	0	0	0
532	1	1	0	0	0	3	0	532	-1	532	-1	-1	-1	0	0	130,130	0	0
533	1	1	3	0	0	3	0	866,533	-1	533	-1	-1	-1	0	0	200,200	0	0
534	1	1	1	0	0	3	0	868,867,534	-1	534	-1	-1	-1	0	0	300,350	0	0
535	1	1	0	0	0	3	0	535	-1	535	-1	-1	-1	0	0	220,220	0	0
536	1	1	3	0	0	3	0	866,536	-1	536	-1	-1	-1	0	0	200,200	0	0
537	1	1	1	0	0	3	0	868,867,537	-1	537	-1	-1	-1	0	0	400,480	0	0
538	1	1	0	0	0	3	0	538	-1	538	-1	-1	-1	0	0	220,220	0	0
539	1	1	3	0	0	3	0	866,539	-1	539	-1	-1	-1	0	0	250,250	0	0
540	1	1	1	0	0	3	0	868,867,540	-1	540	-1	-1	-1	0	0	400,600	0	0
541	1	1	0	0	0	3	0	541	-1	541	-1	-1	-1	0	0	0	0	0
542	1	1	3	0	0	3	0	827,542	-1	542	-1	-1	-1	0	0	0	0	0
543	1	1	1	0	0	10	0	829,830,828,543	-1	543	-1	-1	-1	0	0	0	0	0
544	1	1	0	0	0	3	0	544	-1	544	-1	-1	-1	0	0	160,160	0	0
545	1	1	3	0	0	3	0	827,545	-1	545	-1	-1	-1	0	0	260,260	0	0
546	1	1	1	0	0	3	0	829,830,828,546	-1	546	-1	-1	-1	0	0	220,370	0	0
547	1	1	0	0	0	3	0	547	-1	547	-1	-1	-1	0	0	230,230	0	0
548	1	1	3	0	0	3	0	827,548	-1	548	-1	-1	-1	0	0	380,380	0	0
549	1	1	1	0	0	3	0	829,830,828,549	-1	549	-1	-1	-1	0	0	300,500	0	0
550	1	1	0	0	0	3	0	550	-1	550	-1	-1	-1	0	0	200,200	0	0
551	1	1	3	0	0	3	0	827,551	-1	551	-1	-1	-1	0	0	200,200	0	0
552	1	1	1	0	0	3	0	829,830,828,552	-1	552	-1	-1	-1	0	0	300,400	0	0
553	1	1	0	0	0	3	0	553	-1	553	-1	-1	-1	0	0	0	0	0
554	1	1	3	0	0	3	0	846,554	-1	554	-1	-1	-1	0	0	0	0	0
555	1	1	1	0	0	3	0	847,848,555	-1	555	-1	-1	-1	0	0	0	0	0
556	1	1	0	0	0	3	0	556	-1	556	-1	-1	-1	0	0	150,150	0	0
557	1	1	3	0	0	3	0	846,557	-1	557	-1	-1	-1	0	0	150,150	0	0
558	1	1	1	0	0	3	0	847,848,558	-1	558	-1	-1	-1	0	0	400,400	0	115
559	1	1	0	0	0	3	0	559	-1	559	-1	-1	-1	0	0	280,280	0	0
560	1	1	3	0	0	3	0	846,560	-1	560	-1	-1	-1	0	0	420,420	0	0
561	1	1	1	0	0	3	0	847,848,561	-1	561	-1	-1	-1	0	0	280,280	0	115
562	1	1	0	0	0	3	0	562	-1	562	-1	-1	-1	0	0	200,200	0	0
563	1	1	3	0	0	3	0	846,563	-1	563	-1	-1	-1	0	0	380,380	0	0
564	1	1	1	0	0	3	0	847,848,564	-1	564	-1	-1	-1	0	0	400,400	0	115
565	1	1	0	0	0	3	0	565	-1	565	-1	-1	-1	0	0	0	0	0
566	1	1	3	0	0	3	0	849,850,566	-1	566	-1	-1	-1	0	0	0	0	0
567	1	1	1	0	0	10	0	851,567	-1	567	-1	-1	-1	0	0	0	0	0
568	1	1	0	0	0	3	0	568	-1	568	-1	-1	-1	0	0	100,100	0	0
569	1	1	3	0	0	3	0	849,850,569	-1	569	-1	-1	-1	0	0	200,200	0	0
570	1	1	1	0	0	3	0	851,570	-1	570	-1	-1	-1	0	0	300,350	0	0
571	1	1	0	0	0	3	0	571	-1	571	-1	-1	-1	0	0	180,180	0	0
572	1	1	3	0	0	3	0	849,850,572	-1	572	-1	-1	-1	0	0	250,250	0	0
573	1	1	1	0	0	3	0	851,573	-1	573	-1	-1	-1	0	0	300,400	0	0
574	1	1	0	0	0	3	0	574	-1	574	-1	-1	-1	0	0	250,250	0	0
575	1	1	3	0	0	3	0	849,850,575	-1	575	-1	-1	-1	0	0	430,430	0	0
576	1	1	1	0	0	3	0	851,576	-1	576	-1	-1	-1	0	0	300,400	0	0
577	1	1	0	0	0	3	0	577	-1	577	-1	-1	-1	0	0	0	0	0
578	1	1	3	0	0	3	0	869,578	-1	578	-1	-1	-1	0	0	0	0	0
579	1	1	1	0	0	3	0	870,871,579	-1	579	-1	-1	-1	0	0	0	0	0
580	1	1	0	0	0	3	0	580	-1	580	-1	-1	-1	0	0	200,200	0	0
581	1	1	3	0	0	3	0	869,581	-1	581	-1	-1	-1	0	0	200,200	0	0
582	1	1	1	0	0	3	0	870,871,582	-1	582	-1	-1	-1	0	0	300,300	0	115
583	1	1	0	0	0	3	0	583	-1	583	-1	-1	-1	0	0	160,160	0	0
584	1	1	3	0	0	3	0	869,584	-1	584	-1	-1	-1	0	0	400,400	0	0
585	1	1	1	0	0	3	0	870,871,585	-1	585	-1	-1	-1	0	0	250,250	0	115
586	1	1	0	0	0	3	0	586	-1	586	-1	-1	-1	0	0	160,160	0	0
587	1	1	3	0	0	3	0	869,587	-1	587	-1	-1	-1	0	0	270,270	0	0
588	1	1	1	0	0	3	0	870,871,588	-1	588	-1	-1	-1	0	0	250,250	0	115
589	1	1	0	0	0	3	0	589	-1	589	-1	-1	-1	0	0	100,100	0	0
590	1	1	3	0	0	3	0	858,590	-1	590	-1	-1	-1	0	0	180,180	0	0
591	1	1	1	0	0	1	0	591	-1	591	-1	-1	-1	0	0	0	0	0
592	1	1	0	0	0	3	0	592	-1	592	-1	-1	-1	0	0	180,180	0	0
593	1	1	3	0	0	3	0	858,593	-1	593	-1	-1	-1	0	0	180,180	0	0
594	1	1	1	0	0	1	0	594	-1	594	-1	-1	-1	0	0	0	0	0
595	1	1	0	0	0	3	0	595	-1	595	-1	-1	-1	0	0	200,200	0	0
596	1	1	3	0	0	3	0	858,596	-1	596	-1	-1	-1	0	0	300,300	0	0
597	1	1	1	0	0	1	0	597	-1	597	-1	-1	-1	0	0	0	0	0
598	1	1	0	0	0	3	0	598	-1	598	-1	-1	-1	0	0	230,230	0	0
599	1	1	3	0	0	3	0	858,599	-1	599	-1	-1	-1	0	0	350,350	0	0
600	1	1	1	0	0	1	0	600	-1	600	-1	-1	-1	0	0	0	0	0
601	1	1	0	0	0	3	0	601	-1	601	-1	-1	-1	0	0	200,200	0	0
602	1	1	3	0	0	3	0	831,602	-1	602	-1	-1	-1	0	0	200,200	0	0
603	1	1	1	0	0	3	0	833,832,603	-1	603	-1	-1	-1	0	0	200,200	0	115
604	1	1	0	0	0	3	0	604	-1	604	-1	-1	-1	0	0	220,220	0	0
605	1	1	3	0	0	3	0	831,605	-1	605	-1	-1	-1	0	0	100,100	0	0
606	1	1	1	0	0	3	0	833,832,606	-1	606	-1	-1	-1	0	0	300,300	0	115
607	1	1	0	0	0	3	0	607	-1	607	-1	-1	-1	0	0	220,220	0	0
608	1	1	3	0	0	3	0	831,608	-1	608	-1	-1	-1	0	0	150,150	0	0
609	1	1	1	0	0	3	0	833,832,609	-1	609	-1	-1	-1	0	0	300,300	0	115
610	1	1	0	0	0	3	0	610	-1	610	-1	-1	-1	0	0	300,300	0	0
611	1	1	3	0	0	3	0	831,611	-1	611	-1	-1	-1	0	0	300,300	0	0
612	1	1	1	0	0	3	0	833,832,612	-1	612	-1	-1	-1	0	0	300,300	0	115
613	1	1	0	0	0	3	0	613	-1	613	-1	-1	-1	0	0	0	0	0
614	1	1	3	0	0	3	0	1000,614	-1	614	-1	-1	-1	0	0	0	0	0
615	1	1	1	0	0	3	0	1001,1002,615	-1	615	-1	-1	-1	0	0	0	0	0
616	1	1	0	0	0	3	0	616	-1	616	-1	-1	-1	0	0	150,150	0	0
617	1	1	3	0	0	3	0	1000,617	-1	617	-1	-1	-1	0	0	180,180	0	0
618	1	1	1	0	0	3	0	1001,1002,618	-1	618	-1	-1	-1	0	0	230,230	0	115
619	1	1	0	0	0	3	0	619	-1	619	-1	-1	-1	0	0	200,200	0	0
620	1	1	3	0	0	3	0	1000,620	-1	620	-1	-1	-1	0	0	200,200	0	0
621	1	1	1	0	0	3	0	1001,1002,621	-1	621	-1	-1	-1	0	0	260,260	0	115
622	1	1	0	0	0	3	0	622	-1	622	-1	-1	-1	0	0	200,200	0	0
623	1	1	3	0	0	3	0	1000,623	-1	623	-1	-1	-1	0	0	200,200	0	0
624	1	1	1	0	0	3	0	1001,1002,624	-1	624	-1	-1	-1	0	0	330,330	0	115
625	1	1	0	0	0	3	0	625	-1	625	-1	-1	-1	0	0	0	0	0
626	1	1	3	0	0	3	0	836,837,626	-1	626	-1	-1	-1	0	0	0	0	0
627	1	1	1	0	0	1	0	838,627	-1	627	-1	-1	-1	0	0	0	0	0
628	1	1	0	0	0	3	0	628	-1	628	-1	-1	-1	0	0	120,120	0	0
629	1	1	3	0	0	3	0	836,837,629	-1	629	-1	-1	-1	0	0	200,200	0	0
630	1	1	1	0	0	1	0	838,630	-1	630	-1	-1	-1	0	0	190,0	0	0
631	1	1	0	0	0	3	0	631	-1	631	-1	-1	-1	0	0	150,150	0	0
632	1	1	3	0	0	3	0	836,837,632	-1	632	-1	-1	-1	0	0	250,250	0	0
633	1	1	1	0	0	1	0	838,633	-1	633	-1	-1	-1	0	0	180,50	0	0
634	1	1	0	0	0	3	0	634	-1	634	-1	-1	-1	0	0	280,280	0	0
635	1	1	3	0	0	3	0	836,837,635	-1	635	-1	-1	-1	0	0	200,200	0	0
636	1	1	1	0	0	1	0	838,636	-1	636	-1	-1	-1	0	0	200,0	0	0
637	1	1	0	0	0	3	0	637	-1	637	-1	-1	-1	0	0	0	0	0
638	1	1	3	0	0	3	0	859,860,638	-1	638	-1	-1	-1	0	0	0	0	0
639	1	1	1	0	0	1	0	639,861	-1	639	-1	-1	-1	0	0	0	0	0
640	1	1	0	0	0	3	0	640	-1	640	-1	-1	-1	0	0	130,130	0	0
641	1	1	3	0	0	3	0	859,860,641	-1	641	-1	-1	-1	0	0	180,180	0	0
642	1	1	1	0	0	1	0	642,861	-1	642	-1	-1	-1	0	0	0	0	0
643	1	1	0	0	0	3	0	643	-1	643	-1	-1	-1	0	0	100,100	0	0
644	1	1	3	0	0	3	0	859,860,644	-1	644	-1	-1	-1	0	0	150,150	0	0
645	1	1	1	0	0	1	0	645,861	-1	645	-1	-1	-1	0	0	0	0	0
646	1	1	0	0	0	3	0	646	-1	646	-1	-1	-1	0	0	250,250	0	0
647	1	1	3	0	0	3	0	859,860,647	-1	647	-1	-1	-1	0	0	300,300	0	0
648	1	1	1	0	0	1	0	648,861	-1	648	-1	-1	-1	0	0	0	0	0
649	1	1	0	0	0	3	0	649	-1	649	-1	-1	-1	0	0	150,150	0	0
650	1	1	3	0	0	3	0	852,650	-1	650	-1	-1	-1	0	0	200,200	0	0
651	1	1	1	0	0	3	0	853,651	-1	651	-1	-1	-1	0	0	260,380	0	0
652	1	1	0	0	0	3	0	652	-1	652	-1	-1	-1	0	0	250,250	0	0
653	1	1	3	0	0	3	0	852,653	-1	653	-1	-1	-1	0	0	320,320	0	0
654	1	1	1	0	0	3	0	853,654	-1	654	-1	-1	-1	0	0	300,400	0	0
655	1	1	0	0	0	3	0	655	-1	655	-1	-1	-1	0	0	180,180	0	0
656	1	1	3	0	0	3	0	852,656	-1	656	-1	-1	-1	0	0	200,200	0	0
657	1	1	1	0	0	3	0	853,657	-1	657	-1	-1	-1	0	0	300,400	0	0
658	1	1	0	0	0	3	0	658	-1	658	-1	-1	-1	0	0	180,180	0	0
659	1	1	3	0	0	3	0	852,659	-1	659	-1	-1	-1	0	0	250,250	0	0
660	1	1	1	0	0	3	0	853,660	-1	660	-1	-1	-1	0	0	350,450	0	0
661	1	1	0	0	0	3	0	661	-1	661	-1	-1	-1	0	0	180,180	0	0
662	1	1	3	0	0	3	0	855,662,854	-1	662	-1	-1	-1	0	0	150,150	0	0
663	1	1	1	0	0	3	0	857,663,856	-1	663	-1	-1	-1	0	0	200,200	0	115
664	1	1	0	0	0	3	0	664	-1	664	-1	-1	-1	0	0	200,200	0	0
665	1	1	3	0	0	3	0	855,665,854	-1	665	-1	-1	-1	0	0	300,300	0	0
666	1	1	1	0	0	3	0	857,666,856	-1	666	-1	-1	-1	0	0	260,260	0	115
667	1	1	0	0	0	3	0	667	-1	667	-1	-1	-1	0	0	200,200	0	0
668	1	1	3	0	0	3	0	855,668,854	-1	668	-1	-1	-1	0	0	280,280	0	0
669	1	1	1	0	0	3	0	857,669,856	-1	669	-1	-1	-1	0	0	260,260	0	115
670	1	1	0	0	0	3	0	670	-1	670	-1	-1	-1	0	0	200,200	0	0
671	1	1	3	0	0	3	0	855,671,854	-1	671	-1	-1	-1	0	0	300,300	0	0
672	1	1	1	0	0	3	0	857,672,856	-1	672	-1	-1	-1	0	0	350,350	0	115
673	1	1	0	0	0	3	0	673	-1	673	-1	-1	-1	0	0	0	0	0
674	1	1	3	0	0	3	0	674	-1	674	-1	-1	-1	0	0	0	0	0
675	1	1	1	0	0	3	0	675	-1	675	-1	-1	-1	0	0	0	0	0
676	1	1	0	0	0	3	0	676	-1	676	-1	-1	-1	0	0	0	0	0
677	1	1	3	0	0	3	0	677	-1	677	-1	-1	-1	0	0	0	0	0
678	1	1	1	0	0	3	0	678	-1	678	-1	-1	-1	0	0	0	0	0
679	1	1	0	0	0	3	0	679	-1	679	-1	-1	-1	0	0	0	0	0
680	1	1	3	0	0	3	0	680	-1	680	-1	-1	-1	0	0	0	0	0
681	1	1	1	0	0	3	0	681	-1	681	-1	-1	-1	0	0	0	0	0
682	1	1	0	0	0	3	0	682	-1	682	-1	-1	-1	0	0	0	0	0
683	1	1	3	0	0	3	0	683	-1	683	-1	-1	-1	0	0	0	0	0
684	1	1	1	0	0	3	0	684	-1	684	-1	-1	-1	0	0	0	0	0
685	1	1	0	0	0	3	0	685	-1	685	-1	-1	-1	0	0	0	0	0
686	1	1	3	0	0	3	0	686	-1	686	-1	-1	-1	0	0	0	0	0
687	1	1	1	0	0	4	0	687	-1	687	-1	-1	-1	0	0	0	0	0
688	1	1	0	0	0	3	0	688	-1	688	-1	-1	-1	0	0	150,150	0	0
689	1	1	3	0	0	3	0	689	-1	689	-1	-1	-1	0	0	250,250	0	0
690	1	1	1	0	0	4	0	690	-1	690	-1	-1	-1	0	0	280,280	0	115
691	1	1	0	0	0	3	0	691	-1	691	-1	-1	-1	0	0	0	0	0
692	1	1	3	0	0	3	0	692	-1	692	-1	-1	-1	0	0	0	0	0
693	1	1	1	0	0	4	0	693	-1	693	-1	-1	-1	0	0	0	0	0
694	1	1	0	0	0	3	0	694	-1	694	-1	-1	-1	0	0	0	0	0
695	1	1	3	0	0	3	0	695	-1	695	-1	-1	-1	0	0	0	0	0
696	1	1	1	0	0	4	0	696	-1	696	-1	-1	-1	0	0	0	0	0
697	1	1	0	0	0	3	0	697	-1	697	-1	-1	-1	0	0	0	0	0
698	1	1	3	0	0	3	0	698	-1	698	-1	-1	-1	0	0	0	0	0
699	1	1	1	0	0	1	0	699	-1	699	-1	-1	-1	0	0	0	0	0
700	1	1	0	0	0	3	0	700	-1	700	-1	-1	-1	0	0	120,120	0	0
701	1	1	3	0	0	3	0	701	-1	701	-1	-1	-1	0	0	250,250	0	0
702	1	1	1	0	0	1	0	702	-1	702	-1	-1	-1	0	0	100,100	0	0
703	1	1	0	0	0	3	0	703	-1	703	-1	-1	-1	0	0	200,200	0	0
704	1	1	3	0	0	3	0	704	-1	704	-1	-1	-1	0	0	220,220	0	0
705	1	1	1	0	0	1	0	705	-1	705	-1	-1	-1	0	0	100,100	0	0
706	1	1	0	0	0	3	0	706	-1	706	-1	-1	-1	0	0	200,200	0	0
707	1	1	3	0	0	3	0	707	-1	707	-1	-1	-1	0	0	280,280	0	0
708	1	1	1	0	0	1	0	708	-1	708	-1	-1	-1	0	0	150,150	0	0
709	1	1	0	0	0	3	0	709	-1	709	-1	-1	-1	0	0	0	0	0
710	1	1	3	0	0	3	0	710	-1	710	-1	-1	-1	0	0	0	0	0
711	1	1	1	0	0	1	0	711	-1	711	-1	-1	-1	0	0	0	0	0
712	1	1	0	0	0	3	0	712	-1	712	-1	-1	-1	0	0	150,150	0	0
713	1	1	3	0	0	3	0	713	-1	713	-1	-1	-1	0	0	270,270	0	0
714	1	1	1	0	0	1	0	714	-1	714	-1	-1	-1	0	0	0	0	0
715	1	1	0	0	0	3	0	715	-1	715	-1	-1	-1	0	0	200,200	0	0
716	1	1	3	0	0	3	0	716	-1	716	-1	-1	-1	0	0	250,250	0	0
717	1	1	1	0	0	1	0	717	-1	717	-1	-1	-1	0	0	150,150	0	0
718	1	1	0	0	0	3	0	718	-1	718	-1	-1	-1	0	0	350,350	0	0
719	1	1	3	0	0	3	0	719	-1	719	-1	-1	-1	0	0	280,280	0	0
720	1	1	1	0	0	1	0	720	-1	720	-1	-1	-1	0	0	150,150	0	0
721	1	1	0	0	0	3	0	721	-1	721	-1	-1	-1	0	0	0	0	0
722	1	1	3	0	0	3	0	722	-1	722	-1	-1	-1	0	0	0	0	0
723	1	1	1	0	0	3	0	723	-1	723	-1	-1	-1	0	0	0	0	0
724	1	1	0	0	0	3	0	724	-1	724	-1	-1	-1	0	0	0	0	0
725	1	1	3	0	0	3	0	725	-1	725	-1	-1	-1	0	0	0	0	0
726	1	1	1	0	0	3	0	726	-1	726	-1	-1	-1	0	0	0	0	0
727	1	1	0	0	0	3	0	727	-1	727	-1	-1	-1	0	0	0	0	0
728	1	1	3	0	0	3	0	728	-1	728	-1	-1	-1	0	0	0	0	0
729	1	1	1	0	0	3	0	729	-1	729	-1	-1	-1	0	0	0	0	0
730	1	1	0	0	0	3	0	730	-1	730	-1	-1	-1	0	0	0	0	0
731	1	1	3	0	0	3	0	731	-1	731	-1	-1	-1	0	0	0	0	0
732	1	1	1	0	0	3	0	732	-1	732	-1	-1	-1	0	0	0	0	0
733	1	1	0	0	0	3	0	733	-1	733	-1	-1	-1	0	0	0	0	0
734	1	1	3	0	0	3	0	734	-1	734	-1	-1	-1	0	0	0	0	0
735	1	1	1	0	0	3	0	735	-1	735	-1	-1	-1	0	0	0	0	0
736	1	1	0	0	0	3	0	736	-1	736	-1	-1	-1	0	0	0	0	0
737	1	1	3	0	0	3	0	737	-1	737	-1	-1	-1	0	0	0	0	0
738	1	1	1	0	0	3	0	738	-1	738	-1	-1	-1	0	0	0	0	0
739	1	1	0	0	0	3	0	739	-1	739	-1	-1	-1	0	0	0	0	0
740	1	1	3	0	0	3	0	740	-1	740	-1	-1	-1	0	0	0	0	0
741	1	1	1	0	0	3	0	741	-1	741	-1	-1	-1	0	0	0	0	0
742	1	1	0	0	0	3	0	742	-1	742	-1	-1	-1	0	0	0	0	0
743	1	1	3	0	0	3	0	743	-1	743	-1	-1	-1	0	0	0	0	0
744	1	1	1	0	0	3	0	744	-1	744	-1	-1	-1	0	0	0	0	0
745	1	1	0	0	0	3	0	745	-1	745	-1	-1	-1	0	0	0	0	0
746	1	1	3	0	0	3	0	746	-1	746	-1	-1	-1	0	0	0	0	0
747	1	1	1	0	0	3	0	747	-1	747	-1	-1	-1	0	0	0	0	0
748	1	1	0	0	0	3	0	748	-1	748	-1	-1	-1	0	0	0	0	0
749	1	1	3	0	0	3	0	749	-1	749	-1	-1	-1	0	0	0	0	0
750	1	1	1	0	0	3	0	750	-1	750	-1	-1	-1	0	0	0	0	0
751	1	1	0	0	0	3	0	751	-1	751	-1	-1	-1	0	0	0	0	0
752	1	1	3	0	0	3	0	752	-1	752	-1	-1	-1	0	0	0	0	0
753	1	1	1	0	0	3	0	753	-1	753	-1	-1	-1	0	0	0	0	0
754	1	1	0	0	0	3	0	754	-1	754	-1	-1	-1	0	0	0	0	0
755	1	1	3	0	0	3	0	755	-1	755	-1	-1	-1	0	0	0	0	0
756	1	1	1	0	0	3	0	756	-1	756	-1	-1	-1	0	0	0	0	0
757	1	1	0	0	0	3	0	757	-1	757	-1	-1	-1	0	0	0	0	0
758	1	1	3	0	0	3	0	758	-1	758	-1	-1	-1	0	0	0	0	0
759	1	1	1	0	0	3	0	759	-1	759	-1	-1	-1	0	0	0	0	0
760	1	1	0	0	0	3	0	760	-1	760	-1	-1	-1	0	0	0	0	0
761	1	1	3	0	0	3	0	761	-1	761	-1	-1	-1	0	0	0	0	0
762	1	1	1	0	0	3	0	762	-1	762	-1	-1	-1	0	0	0	0	0
763	1	1	0	0	0	3	0	763	-1	763	-1	-1	-1	0	0	0	0	0
764	1	1	3	0	0	3	0	764	-1	764	-1	-1	-1	0	0	0	0	0
765	1	1	1	0	0	3	0	765	-1	765	-1	-1	-1	0	0	0	0	0
766	1	1	0	0	0	3	0	766	-1	766	-1	-1	-1	0	0	0	0	0
767	1	1	3	0	0	3	0	767	-1	767	-1	-1	-1	0	0	0	0	0
768	1	1	1	0	0	3	0	768	-1	768	-1	-1	-1	0	0	0	0	0
769	1	1	0	0	0	3	0	769	-1	769	-1	-1	-1	0	0	0	0	0
770	1	1	3	0	0	3	0	770	-1	770	-1	-1	-1	0	0	0	0	0
771	1	1	1	0	0	3	0	771	-1	771	-1	-1	-1	0	0	0	0	0
772	1	1	0	0	0	3	0	772	-1	772	-1	-1	-1	0	0	0	0	0
773	1	1	3	0	0	3	0	773	-1	773	-1	-1	-1	0	0	0	0	0
774	1	1	1	0	0	3	0	774	-1	774	-1	-1	-1	0	0	0	0	0
775	1	1	0	0	0	3	0	775	-1	775	-1	-1	-1	0	0	0	0	0
776	1	1	3	0	0	3	0	776	-1	776	-1	-1	-1	0	0	0	0	0
777	1	1	1	0	0	3	0	777	-1	777	-1	-1	-1	0	0	0	0	0
778	1	1	0	0	0	3	0	778	-1	778	-1	-1	-1	0	0	0	0	0
779	1	1	3	0	0	3	0	779	-1	779	-1	-1	-1	0	0	0	0	0
780	1	1	1	0	0	3	0	780	-1	780	-1	-1	-1	0	0	0	0	0
781	1	1	0	0	0	3	0	781	-1	781	-1	-1	-1	0	0	0	0	0
782	1	1	3	0	0	3	0	782	-1	782	-1	-1	-1	0	0	0	0	0
783	1	1	1	0	0	3	0	783	-1	783	-1	-1	-1	0	0	0	0	0
784	1	1	0	0	0	3	0	784	-1	784	-1	-1	-1	0	0	0	0	0
785	1	1	3	0	0	3	0	785	-1	785	-1	-1	-1	0	0	0	0	0
786	1	1	1	0	0	3	0	786	-1	786	-1	-1	-1	0	0	0	0	0
787	1	1	0	0	0	3	0	787	-1	787	-1	-1	-1	0	0	0	0	0
788	1	1	3	0	0	3	0	788	-1	788	-1	-1	-1	0	0	0	0	0
789	1	1	1	0	0	3	0	789	-1	789	-1	-1	-1	0	0	0	0	0
790	1	1	0	0	0	3	0	790	-1	790	-1	-1	-1	0	0	0	0	0
791	1	1	3	0	0	3	0	791	-1	791	-1	-1	-1	0	0	0	0	0
792	1	1	1	0	0	3	0	792	-1	792	-1	-1	-1	0	0	0	0	0
793	1	1	0	0	0	3	0	793	-1	793	-1	-1	-1	0	0	150,150	0	0
794	1	1	0	0	0	3	0	794	-1	794	-1	-1	-1	0	0	250,250	0	0
795	1	1	0	0	0	3	0	795	-1	795	-1	-1	-1	0	0	150,150	0	0
796	1	1	0	0	0	3	0	796	-1	796	-1	-1	-1	0	0	230,230	0	0
797	1	1	0	0	0	3	0	797	-1	797	-1	-1	-1	0	0	200,200	0	0
798	1	1	0	0	0	3	0	798	-1	798	-1	-1	-1	0	0	230,230	0	0
799	1	1	0	0	0	3	0	799	-1	799	-1	-1	-1	0	0	200,200	0	0
800	1	1	0	0	0	3	0	800	-1	800	-1	-1	-1	0	0	120,120	0	0
801	1	1	0	0	0	3	0	801	-1	801	-1	-1	-1	0	0	250,250	0	0
802	1	1	0	0	0	3	0	802	-1	802	-1	-1	-1	0	0	230,230	0	0
803	1	1	0	0	0	3	0	803	-1	803	-1	-1	-1	0	0	150,150	0	0
804	1	1	0	0	0	3	0	804	-1	804	-1	-1	-1	0	0	150,150	0	0
805	1	1	0	0	0	3	0	805	-1	805	-1	-1	-1	0	0	220,220	0	0
806	1	1	1	0	0	0	0	806	-1	806	-1	-1	-1	0	0	0	0	0
807	1	1	0	0	0	3	0	807	-1	807	-1	-1	-1	0	0	300,300	0	0
808	1	1	3	0	0	3	0	808	-1	808	-1	-1	-1	0	0	150,150	0	0
809	1	1	1	0	0	1	0	809	-1	809	-1	-1	-1	0	0	-50,-50	0	0
810	1	1	1	0	0	1	0	969	-1	810	-1	-1	-1	0	0	0	0	0
811	1	1	0	0	0	3	0	970	-1	811	-1	-1	-1	0	0	350,350	0	0
812	1	1	3	0	0	3	0	971	-1	812	-1	-1	-1	0	0	300,300	0	0
813	1	1	1	0	0	3	0	972	-1	813	-1	-1	-1	0	0	300,300	0	0
814	1	1	1	0	0	0	0	973	-1	814	-1	-1	-1	0	0	0	0	0
815	1	1	1	0	0	3	0	974	-1	815	-1	-1	-1	0	0	250,250	0	115
816	1	1	1	0	0	1	0	975	-1	816	-1	-1	-1	0	0	0	0	0
817	1	1	1	0	0	1	0	976	-1	817	-1	-1	-1	0	0	0	0	0
818	1	1	1	0	0	1	0	977	-1	818	-1	-1	-1	0	0	0	0	0
819	1	1	1	0	0	1	0	978	-1	819	-1	-1	-1	0	0	150,150	0	0
820	1	1	1	0	0	1	0	979	-1	820	-1	-1	-1	0	0	0	0	0
821	1	1	1	0	0	3	0	980	-1	821	-1	-1	-1	0	0	250,250	0	0
822	1	1	1	0	0	3	0	981	-1	822	-1	-1	-1	0	0	250,250	0	115
823	1	1	1	0	0	1	0	982	-1	823	-1	-1	-1	0	0	100,100	0	0
824	1	1	1	0	0	1	0	983	-1	824	-1	-1	-1	0	0	0	0	0
825	1	1	3	0	0	1	0	1003	-1	825	-1	-1	-1	0	0	0	0	0
826	1	1	1	0	0	1	0	1277,1278,1013	-1	826	-1	-1	-1	0	0	0	0	0
827	1	1	1	0	0	1	0	1277,1278,1014	-1	827	-1	-1	-1	0	0	80,-150	0	0
828	1	1	1	0	0	1	0	1277,1278,1015	-1	828	-1	-1	-1	0	0	150,100	0	0
829	1	1	1	0	0	1	0	1277,1278,1016	-1	829	-1	-1	-1	0	0	100,0	0	0
830	1	1	1	0	0	3	0	1279,1280,1281,1017	-1	830	-1	-1	-1	0	0	400,400	0	0
831	1	1	1	0	0	3	0	1279,1280,1281,1018	-1	831	-1	-1	-1	0	0	400,400	0	0
832	1	1	1	0	0	3	0	1279,1280,1281,1019	-1	832	-1	-1	-1	0	0	350,400	0	0
833	1	1	1	0	0	3	0	1279,1280,1281,1020	-1	833	-1	-1	-1	0	0	450,450	0	0
834	1	1	1	0	0	10	0	1282,1021	-1	834	-1	-1	-1	0	0	0	0	0
835	1	1	1	0	0	3	0	1282,1022	-1	835	-1	-1	-1	0	0	450,450	0	0
836	1	1	1	0	0	3	0	1282,1023	-1	836	-1	-1	-1	0	0	500,600	0	0
837	1	1	1	0	0	3	0	1282,1024	-1	837	-1	-1	-1	0	0	400,450	0	0
838	1	1	1	0	0	10	0	1283,1284,1285,1286,1025	-1	838	-1	-1	-1	0	0	0	0	0
839	1	1	1	0	0	3	0	1283,1284,1285,1286,1026	-1	839	-1	-1	-1	0	0	500,600	0	0
840	1	1	1	0	0	3	0	1283,1284,1285,1286,1027	-1	840	-1	-1	-1	0	0	380,400	0	0
841	1	1	1	0	0	3	0	1283,1284,1285,1286,1028	-1	841	-1	-1	-1	0	0	550,650	0	0
842	1	1	1	0	0	1	0	1289,1287,1288,1029	-1	842	-1	-1	-1	0	0	0	0	0
843	1	1	1	0	0	1	0	1289,1287,1288,1030	-1	843	-1	-1	-1	0	0	270,100	0	0
844	1	1	1	0	0	1	0	1289,1287,1288,1031	-1	844	-1	-1	-1	0	0	-150,-300	0	0
845	1	1	1	0	0	1	0	1289,1287,1288,1032	-1	845	-1	-1	-1	0	0	250,100	0	0
846	1	1	1	0	0	4	0	1290,1291,1033	-1	846	-1	-1	-1	0	0	0	0	0
847	1	1	1	0	0	4	0	1290,1291,1034	-1	847	-1	-1	-1	0	0	250,250	0	115
848	1	1	1	0	0	4	0	1290,1291,1035	-1	848	-1	-1	-1	0	0	200,200	0	115
849	1	1	1	0	0	4	0	1290,1291,1036	-1	849	-1	-1	-1	0	0	380,380	0	115
850	1	1	1	0	0	1	0	1293,1294,1295,1037,1292	-1	850	-1	-1	-1	0	0	0	0	0
851	1	1	1	0	0	1	0	1293,1294,1295,1038,1292	-1	851	-1	-1	-1	0	0	0	0	0
852	1	1	1	0	0	1	0	1293,1294,1295,1039,1292	-1	852	-1	-1	-1	0	0	0	0	0
853	1	1	1	0	0	1	0	1293,1294,1295,1040,1292	-1	853	-1	-1	-1	0	0	80,80	0	0
854	1	1	1	0	0	1	0	1041	-1	854	-1	-1	-1	0	0	0	0	0
855	1	1	1	0	0	1	0	1042	-1	855	-1	-1	-1	0	0	0	0	0
856	1	1	1	0	0	1	0	1043	-1	856	-1	-1	-1	0	0	150,150	0	0
857	1	1	1	0	0	1	0	1044	-1	857	-1	-1	-1	0	0	0	0	0
858	1	1	1	0	0	1	0	1296,1297,1045	-1	858	-1	-1	-1	0	0	0	0	0
859	1	1	1	0	0	1	0	1296,1297,1046	-1	859	-1	-1	-1	0	0	0	0	0
860	1	1	1	0	0	1	0	1296,1297,1047	-1	860	-1	-1	-1	0	0	150,150	0	0
861	1	1	1	0	0	1	0	1296,1297,1048	-1	861	-1	-1	-1	0	0	150,150	0	0
862	1	1	1	0	0	1	0	1298,1299,1049	-1	862	-1	-1	-1	0	0	0	0	0
863	1	1	1	0	0	1	0	1298,1299,1050	-1	863	-1	-1	-1	0	0	0	0	0
864	1	1	1	0	0	1	0	1298,1299,1051	-1	864	-1	-1	-1	0	0	100,100	0	0
865	1	1	1	0	0	1	0	1298,1299,1052	-1	865	-1	-1	-1	0	0	0	0	0
866	1	1	1	0	0	3	0	1301,1053,1300,1302	-1	866	-1	-1	-1	0	0	0	0	0
867	1	1	1	0	0	3	0	1301,1054,1300,1302	-1	867	-1	-1	-1	0	0	0	0	115
868	1	1	1	0	0	3	0	1301,1055,1300,1302	-1	868	-1	-1	-1	0	0	0	0	115
869	1	1	1	0	0	3	0	1301,1056,1300,1302	-1	869	-1	-1	-1	0	0	0	0	115
870	1	1	1	0	0	3	0	1303,1057	-1	870	-1	-1	-1	0	0	0	0	0
871	1	1	1	0	0	3	0	1303,1058	-1	871	-1	-1	-1	0	0	0	0	115
872	1	1	1	0	0	3	0	1303,1059	-1	872	-1	-1	-1	0	0	0	0	115
873	1	1	1	0	0	3	0	1303,1060	-1	873	-1	-1	-1	0	0	0	0	115
874	1	1	1	0	0	3	0	1304,1305,1061	-1	874	-1	-1	-1	0	0	350,450	0	0
875	1	1	1	0	0	3	0	1304,1305,1062	-1	875	-1	-1	-1	0	0	480,580	0	0
876	1	1	1	0	0	3	0	1304,1305,1063	-1	876	-1	-1	-1	0	0	330,400	0	0
877	1	1	1	0	0	3	0	1304,1305,1064	-1	877	-1	-1	-1	0	0	370,500	0	0
878	1	1	1	0	0	10	0	1065,1308,1306,1307	-1	878	-1	-1	-1	0	0	0	0	0
879	1	1	1	0	0	3	0	1066,1308,1306,1307	-1	879	-1	-1	-1	0	0	400,480	0	0
880	1	1	1	0	0	3	0	1067,1308,1306,1307	-1	880	-1	-1	-1	0	0	450,500	0	0
881	1	1	1	0	0	3	0	1068,1308,1306,1307	-1	881	-1	-1	-1	0	0	530,570	0	0
882	1	1	1	0	0	1	0	1309,1069	-1	882	-1	-1	-1	0	0	0	0	0
883	1	1	1	0	0	1	0	1309,1070	-1	883	-1	-1	-1	0	0	100,100	0	0
884	1	1	1	0	0	1	0	1309,1071	-1	884	-1	-1	-1	0	0	80,80	0	0
885	1	1	1	0	0	1	0	1309,1072	-1	885	-1	-1	-1	0	0	20,20	0	0
886	1	1	1	0	0	10	0	1310,1311,1312,1313,1073	-1	886	-1	-1	-1	0	0	0	0	0
887	1	1	1	0	0	3	0	1310,1311,1312,1313,1074	-1	887	-1	-1	-1	0	0	380,450	0	0
888	1	1	1	0	0	3	0	1310,1311,1312,1313,1075	-1	888	-1	-1	-1	0	0	350,450	0	0
889	1	1	1	0	0	3	0	1310,1311,1312,1313,1076	-1	889	-1	-1	-1	0	0	400,450	0	0
890	1	1	1	0	0	10	0	1314,1315,1077	-1	890	-1	-1	-1	0	0	0	0	0
891	1	1	1	0	0	3	0	1314,1315,1078	-1	891	-1	-1	-1	0	0	340,400	0	0
892	1	1	1	0	0	3	0	1314,1315,1079	-1	892	-1	-1	-1	0	0	400,450	0	0
893	1	1	1	0	0	3	0	1314,1315,1080	-1	893	-1	-1	-1	0	0	400,450	0	0
894	1	1	1	0	0	3	0	1081	-1	894	-1	-1	-1	0	0	0	0	0
895	1	1	1	0	0	3	0	1082	-1	895	-1	-1	-1	0	0	400,400	0	115
896	1	1	1	0	0	3	0	1083	-1	896	-1	-1	-1	0	0	400,400	0	115
897	1	1	1	0	0	1	0	1084	-1	897	-1	-1	-1	0	0	0	0	0
898	1	1	1	0	0	1	0	1316,1318,1317,1085	-1	898	-1	-1	-1	0	0	0	0	0
899	1	1	1	0	0	1	0	1316,1318,1317,1086	-1	899	-1	-1	-1	0	0	150,0	0	0
900	1	1	1	0	0	1	0	1316,1318,1317,1087	-1	900	-1	-1	-1	0	0	160,-40	0	0
901	1	1	1	0	0	1	0	1316,1318,1317,1088	-1	901	-1	-1	-1	0	0	200,0	0	0
902	1	1	1	0	0	3	0	1089	-1	902	-1	-1	-1	0	0	0	0	0
903	1	1	1	0	0	3	0	1090	-1	903	-1	-1	-1	0	0	250,250	0	115
904	1	1	1	0	0	3	0	1091	-1	904	-1	-1	-1	0	0	320,320	0	115
905	1	1	1	0	0	3	0	1092	-1	905	-1	-1	-1	0	0	350,350	0	115
906	1	1	1	0	0	3	0	1324,1325,1093	-1	906	-1	-1	-1	0	0	200,200	0	115
907	1	1	1	0	0	3	0	1324,1325,1094	-1	907	-1	-1	-1	0	0	150,150	0	115
908	1	1	1	0	0	3	0	1324,1325,1095	-1	908	-1	-1	-1	0	0	400,400	0	115
909	1	1	1	0	0	3	0	1324,1325,1096	-1	909	-1	-1	-1	0	0	300,300	0	115
910	1	1	1	0	0	3	0	1097	-1	910	-1	-1	-1	0	0	0	0	0
911	1	1	1	0	0	3	0	1098	-1	911	-1	-1	-1	0	0	350,350	0	115
912	1	1	1	0	0	3	0	1099	-1	912	-1	-1	-1	0	0	300,300	0	115
913	1	1	1	0	0	3	0	1100	-1	913	-1	-1	-1	0	0	250,250	0	115
914	1	1	1	0	0	10	0	1328,1329,1330,1101	-1	914	-1	-1	-1	0	0	0	0	0
915	1	1	1	0	0	3	0	1328,1329,1330,1102	-1	915	-1	-1	-1	0	0	400,450	0	0
916	1	1	1	0	0	3	0	1328,1329,1330,1103	-1	916	-1	-1	-1	0	0	200,380	0	0
917	1	1	1	0	0	3	0	1328,1329,1330,1104	-1	917	-1	-1	-1	0	0	350,420	0	0
918	1	1	1	0	0	11	0	1105,1105,1105	-1	918	-1	-1	-1	0	0	0	0	0
919	1	1	1	0	0	11	0	1106,1106,1106	-1	919	-1	-1	-1	0	0	330,330	0	0
920	1	1	1	0	0	11	0	1107,1107,1107	-1	920	-1	-1	-1	0	0	250,250	0	0
921	1	1	1	0	0	11	0	1108,1108,1108	-1	921	-1	-1	-1	0	0	230,230	0	0
922	1	1	1	0	0	1	0	1332,1333,1109	-1	922	-1	-1	-1	0	0	0	0	0
923	1	1	1	0	0	1	0	1332,1333,1110	-1	923	-1	-1	-1	0	0	0	0	0
924	1	1	1	0	0	1	0	1332,1333,1111	-1	924	-1	-1	-1	0	0	150,-50	0	0
925	1	1	1	0	0	1	0	1332,1333,1112	-1	925	-1	-1	-1	0	0	200,0	0	0
926	1	1	1	0	0	1	0	1334,1113	-1	926	-1	-1	-1	0	0	0	0	0
927	1	1	1	0	0	1	0	1334,1114	-1	927	-1	-1	-1	0	0	0	0	0
928	1	1	1	0	0	1	0	1334,1115	-1	928	-1	-1	-1	0	0	150,150	0	0
929	1	1	1	0	0	1	0	1334,1116	-1	929	-1	-1	-1	0	0	100,100	0	0
930	1	1	1	0	0	10	0	1117	-1	930	-1	-1	-1	0	0	0	0	0
931	1	1	1	0	0	3	0	1118	-1	931	-1	-1	-1	0	0	420,520	0	0
932	1	1	1	0	0	3	0	1119	-1	932	-1	-1	-1	0	0	400,400	0	0
933	1	1	1	0	0	3	0	1120	-1	933	-1	-1	-1	0	0	450,510	0	0
934	1	1	1	0	0	3	0	1335,1336,1337,1121	-1	934	-1	-1	-1	0	0	0	0	0
935	1	1	1	0	0	3	0	1335,1336,1337,1122	-1	935	-1	-1	-1	0	0	220,220	0	115
936	1	1	1	0	0	3	0	1335,1336,1337,1123	-1	936	-1	-1	-1	0	0	200,200	0	115
937	1	1	1	0	0	3	0	1335,1336,1337,1124	-1	937	-1	-1	-1	0	0	250,250	0	115
938	1	1	1	0	0	1	0	1338,1339,1125	-1	938	-1	-1	-1	0	0	0	0	0
939	1	1	1	0	0	1	0	1338,1339,1126	-1	939	-1	-1	-1	0	0	0	0	0
940	1	1	1	0	0	1	0	1338,1339,1127	-1	940	-1	-1	-1	0	0	0	0	0
941	1	1	1	0	0	1	0	1338,1339,1128	-1	941	-1	-1	-1	0	0	0	0	0
942	1	1	1	0	0	1	0	1340,1341,1342,1129	-1	942	-1	-1	-1	0	0	0	0	0
943	1	1	1	0	0	1	0	1340,1341,1342,1130	-1	943	-1	-1	-1	0	0	80,80	0	0
944	1	1	1	0	0	1	0	1340,1341,1342,1131	-1	944	-1	-1	-1	0	0	0	0	0
945	1	1	1	0	0	1	0	1340,1341,1342,1132	-1	945	-1	-1	-1	0	0	50,50	0	0
946	1	1	1	0	0	3	0	1343,1344,1345,1346,1133	-1	946	-1	-1	-1	0	0	0	0	0
947	1	1	1	0	0	3	0	1343,1344,1345,1346,1134	-1	947	-1	-1	-1	0	0	280,280	0	115
948	1	1	1	0	0	1	0	1343,1344,1345,1346,1135	-1	948	-1	-1	-1	0	0	0	0	0
949	1	1	1	0	0	3	0	1343,1344,1345,1346,1136	-1	949	-1	-1	-1	0	0	300,300	0	0
950	1	1	1	0	0	10	0	1348,1347,1349,1137	-1	950	-1	-1	-1	0	0	0	0	0
951	1	1	1	0	0	3	0	1348,1347,1349,1138	-1	951	-1	-1	-1	0	0	300,400	0	0
952	1	1	1	0	0	3	0	1348,1347,1349,1139	-1	952	-1	-1	-1	0	0	470,510	0	0
953	1	1	1	0	0	3	0	1348,1347,1349,1140	-1	953	-1	-1	-1	0	0	250,380	0	0
954	1	1	1	0	0	1	0	1350,1351,1352,1141	-1	954	-1	-1	-1	0	0	0	0	0
955	1	1	1	0	0	1	0	1350,1351,1352,1142	-1	955	-1	-1	-1	0	0	100,-50	0	0
956	1	1	1	0	0	1	0	1350,1351,1352,1143	-1	956	-1	-1	-1	0	0	100,-50	0	0
957	1	1	1	0	0	1	0	1350,1351,1352,1144	-1	957	-1	-1	-1	0	0	200,-50	0	0
958	1	1	1	0	0	1	0	1353,1145	-1	958	-1	-1	-1	0	0	0	0	0
959	1	1	1	0	0	1	0	1353,1146	-1	959	-1	-1	-1	0	0	0	0	0
960	1	1	1	0	0	1	0	1353,1147	-1	960	-1	-1	-1	0	0	0	0	0
961	1	1	1	0	0	1	0	1353,1148	-1	961	-1	-1	-1	0	0	20,20	0	0
962	1	1	1	0	0	1	0	1354,1355,1356,1149	-1	962	-1	-1	-1	0	0	0	0	0
963	1	1	1	0	0	1	0	1354,1355,1356,1150	-1	963	-1	-1	-1	0	0	0	0	0
964	1	1	1	0	0	1	0	1354,1355,1356,1151	-1	964	-1	-1	-1	0	0	50,50	0	0
965	1	1	1	0	0	1	0	1354,1355,1356,1152	-1	965	-1	-1	-1	0	0	100,100	0	0
966	1	1	1	0	0	3	0	1358,1153,1357	-1	966	-1	-1	-1	0	0	0	0	0
967	1	1	1	0	0	3	0	1358,1154,1357	-1	967	-1	-1	-1	0	0	320,320	0	115
968	1	1	1	0	0	3	0	1358,1155,1357	-1	968	-1	-1	-1	0	0	150,150	0	115
969	1	1	1	0	0	3	0	1358,1156,1357	-1	969	-1	-1	-1	0	0	450,450	0	115
970	1	1	1	0	0	4	0	1157,1359	-1	970	-1	-1	-1	0	0	0	0	0
971	1	1	1	0	0	4	0	1158,1359	-1	971	-1	-1	-1	0	0	200,200	0	115
972	1	1	1	0	0	4	0	1159,1359	-1	972	-1	-1	-1	0	0	150,150	0	115
973	1	1	1	0	0	4	0	1160,1359	-1	973	-1	-1	-1	0	0	350,350	0	115
974	1	1	1	0	0	1	0	1360,1361,1161	-1	974	-1	-1	-1	0	0	0	0	0
975	1	1	1	0	0	1	0	1360,1361,1162	-1	975	-1	-1	-1	0	0	0	0	0
976	1	1	1	0	0	1	0	1360,1361,1163	-1	976	-1	-1	-1	0	0	50,50	0	0
977	1	1	1	0	0	1	0	1360,1361,1164	-1	977	-1	-1	-1	0	0	-50,-50	0	0
978	1	1	1	0	0	1	0	1362,1165	-1	978	-1	-1	-1	0	0	0	0	0
979	1	1	1	0	0	1	0	1362,1166	-1	979	-1	-1	-1	0	0	0	0	0
980	1	1	1	0	0	1	0	1362,1167	-1	980	-1	-1	-1	0	0	0	0	0
981	1	1	1	0	0	1	0	1362,1168	-1	981	-1	-1	-1	0	0	100,100	0	0
982	1	1	1	0	0	10	0	1363,1364,1365,1169,1366	-1	982	-1	-1	-1	0	0	0	0	0
983	1	1	1	0	0	3	0	1363,1364,1365,1170,1366	-1	983	-1	-1	-1	0	0	250,400	0	0
984	1	1	1	0	0	3	0	1363,1364,1365,1171,1366	-1	984	-1	-1	-1	0	0	300,400	0	0
985	1	1	1	0	0	3	0	1363,1364,1365,1172,1366	-1	985	-1	-1	-1	0	0	200,400	0	0
986	1	1	1	0	0	3	0	1173	-1	986	-1	-1	-1	0	0	200,200	0	115
987	1	1	1	0	0	3	0	1174	-1	987	-1	-1	-1	0	0	280,280	0	115
988	1	1	1	0	0	3	0	1175	-1	988	-1	-1	-1	0	0	310,310	0	115
989	1	1	1	0	0	3	0	1176	-1	989	-1	-1	-1	0	0	380,380	0	115
990	1	1	1	0	0	3	0	1368,1367,1177	-1	990	-1	-1	-1	0	0	0	0	0
991	1	1	1	0	0	3	0	1368,1367,1178	-1	991	-1	-1	-1	0	0	200,200	0	115
992	1	1	1	0	0	3	0	1368,1367,1179	-1	992	-1	-1	-1	0	0	230,230	0	115
993	1	1	1	0	0	3	0	1368,1367,1180	-1	993	-1	-1	-1	0	0	350,350	0	115
994	1	1	1	0	0	3	0	1181	-1	994	-1	-1	-1	0	0	0	0	0
995	1	1	1	0	0	3	0	1182	-1	995	-1	-1	-1	0	0	200,200	0	115
996	1	1	1	0	0	3	0	1183	-1	996	-1	-1	-1	0	0	180,180	0	115
997	1	1	1	0	0	3	0	1184	-1	997	-1	-1	-1	0	0	250,250	0	115
998	1	1	1	0	0	3	0	1370,1185,1369	-1	998	-1	-1	-1	0	0	200,200	0	115
999	1	1	1	0	0	3	0	1370,1186,1369	-1	999	-1	-1	-1	0	0	300,300	0	115
1000	1	1	1	0	0	3	0	1370,1187,1369	-1	1000	-1	-1	-1	0	0	400,400	0	115
1001	1	1	1	0	0	3	0	1370,1188,1369	-1	1001	-1	-1	-1	0	0	370,370	0	115
1002	1	1	1	0	0	10	0	1372,1371,1189	-1	1002	-1	-1	-1	0	0	0	0	0
1003	1	1	1	0	0	3	0	1372,1371,1190	-1	1003	-1	-1	-1	0	0	300,350	0	0
1004	1	1	1	0	0	3	0	1372,1371,1191	-1	1004	-1	-1	-1	0	0	400,480	0	0
1005	1	1	1	0	0	3	0	1372,1371,1192	-1	1005	-1	-1	-1	0	0	400,600	0	0
1006	1	1	1	0	0	10	0	1374,1375,1373,1193	-1	1006	-1	-1	-1	0	0	0	0	0
1007	1	1	1	0	0	3	0	1374,1375,1373,1194	-1	1007	-1	-1	-1	0	0	220,370	0	0
1008	1	1	1	0	0	3	0	1374,1375,1373,1195	-1	1008	-1	-1	-1	0	0	300,500	0	0
1009	1	1	1	0	0	3	0	1374,1375,1373,1196	-1	1009	-1	-1	-1	0	0	300,400	0	0
1010	1	1	1	0	0	3	0	1376,1377,1197	-1	1010	-1	-1	-1	0	0	0	0	0
1011	1	1	1	0	0	3	0	1376,1377,1198	-1	1011	-1	-1	-1	0	0	400,400	0	115
1012	1	1	1	0	0	3	0	1376,1377,1199	-1	1012	-1	-1	-1	0	0	280,280	0	115
1013	1	1	1	0	0	3	0	1376,1377,1200	-1	1013	-1	-1	-1	0	0	400,400	0	115
1014	1	1	1	0	0	10	0	1378,1201	-1	1014	-1	-1	-1	0	0	0	0	0
1015	1	1	1	0	0	3	0	1378,1202	-1	1015	-1	-1	-1	0	0	300,350	0	0
1016	1	1	1	0	0	3	0	1378,1203	-1	1016	-1	-1	-1	0	0	300,400	0	0
1017	1	1	1	0	0	3	0	1378,1204	-1	1017	-1	-1	-1	0	0	300,400	0	0
1018	1	1	1	0	0	3	0	1379,1380,1381,1205	-1	1018	-1	-1	-1	0	0	0	0	0
1019	1	1	1	0	0	3	0	1379,1380,1381,1206	-1	1019	-1	-1	-1	0	0	300,300	0	115
1020	1	1	1	0	0	3	0	1379,1380,1381,1207	-1	1020	-1	-1	-1	0	0	250,250	0	115
1021	1	1	1	0	0	3	0	1379,1380,1381,1208	-1	1021	-1	-1	-1	0	0	250,250	0	115
1022	1	1	1	0	0	1	0	1209	-1	1022	-1	-1	-1	0	0	0	0	0
1023	1	1	1	0	0	1	0	1210	-1	1023	-1	-1	-1	0	0	0	0	0
1024	1	1	1	0	0	1	0	1211	-1	1024	-1	-1	-1	0	0	0	0	0
1025	1	1	1	0	0	1	0	1212	-1	1025	-1	-1	-1	0	0	0	0	0
1026	1	1	1	0	0	3	0	1383,1382,1213	-1	1026	-1	-1	-1	0	0	200,200	0	115
1027	1	1	1	0	0	3	0	1383,1382,1214	-1	1027	-1	-1	-1	0	0	300,300	0	115
1028	1	1	1	0	0	3	0	1383,1382,1215	-1	1028	-1	-1	-1	0	0	300,300	0	115
1029	1	1	1	0	0	3	0	1383,1382,1216	-1	1029	-1	-1	-1	0	0	300,300	0	115
1030	1	1	1	0	0	3	0	1384,1385,1217	-1	1030	-1	-1	-1	0	0	0	0	0
1031	1	1	1	0	0	3	0	1384,1385,1218	-1	1031	-1	-1	-1	0	0	230,230	0	115
1032	1	1	1	0	0	3	0	1384,1385,1219	-1	1032	-1	-1	-1	0	0	260,260	0	115
1033	1	1	1	0	0	3	0	1384,1385,1220	-1	1033	-1	-1	-1	0	0	330,330	0	115
1034	1	1	1	0	0	1	0	1386,1221	-1	1034	-1	-1	-1	0	0	0	0	0
1035	1	1	1	0	0	1	0	1386,1222	-1	1035	-1	-1	-1	0	0	190,0	0	0
1036	1	1	1	0	0	1	0	1386,1223	-1	1036	-1	-1	-1	0	0	180,50	0	0
1037	1	1	1	0	0	1	0	1386,1224	-1	1037	-1	-1	-1	0	0	200,0	0	0
1038	1	1	1	0	0	1	0	1225,1387	-1	1038	-1	-1	-1	0	0	0	0	0
1039	1	1	1	0	0	1	0	1226,1387	-1	1039	-1	-1	-1	0	0	0	0	0
1040	1	1	1	0	0	1	0	1227,1387	-1	1040	-1	-1	-1	0	0	0	0	0
1041	1	1	1	0	0	1	0	1228,1387	-1	1041	-1	-1	-1	0	0	0	0	0
1042	1	1	1	0	0	3	0	1388,1229	-1	1042	-1	-1	-1	0	0	260,380	0	0
1043	1	1	1	0	0	3	0	1388,1230	-1	1043	-1	-1	-1	0	0	300,400	0	0
1044	1	1	1	0	0	3	0	1388,1231	-1	1044	-1	-1	-1	0	0	300,400	0	0
1045	1	1	1	0	0	3	0	1388,1232	-1	1045	-1	-1	-1	0	0	350,450	0	0
1046	1	1	1	0	0	3	0	1233,1389,1390	-1	1046	-1	-1	-1	0	0	200,200	0	115
1047	1	1	1	0	0	3	0	1234,1389,1390	-1	1047	-1	-1	-1	0	0	260,260	0	115
1048	1	1	1	0	0	3	0	1235,1389,1390	-1	1048	-1	-1	-1	0	0	260,260	0	115
1049	1	1	1	0	0	3	0	1236,1389,1390	-1	1049	-1	-1	-1	0	0	350,350	0	115
1050	1	1	1	0	0	3	0	1237	-1	1050	-1	-1	-1	0	0	0	0	0
1051	1	1	1	0	0	3	0	1238	-1	1051	-1	-1	-1	0	0	0	0	0
1052	1	1	1	0	0	3	0	1239	-1	1052	-1	-1	-1	0	0	0	0	0
1053	1	1	1	0	0	3	0	1240	-1	1053	-1	-1	-1	0	0	0	0	0
1054	1	1	1	0	0	3	0	1241	-1	1054	-1	-1	-1	0	0	0	0	0
1055	1	1	1	0	0	3	0	1242	-1	1055	-1	-1	-1	0	0	0	0	0
1056	1	1	1	0	0	3	0	1243	-1	1056	-1	-1	-1	0	0	0	0	0
1057	1	1	1	0	0	3	0	1244	-1	1057	-1	-1	-1	0	0	0	0	0
1058	1	1	1	0	0	3	0	1245	-1	1058	-1	-1	-1	0	0	0	0	0
1059	1	1	1	0	0	3	0	1246	-1	1059	-1	-1	-1	0	0	0	0	0
1060	1	1	1	0	0	3	0	1247	-1	1060	-1	-1	-1	0	0	0	0	0
1061	1	1	1	0	0	3	0	1248	-1	1061	-1	-1	-1	0	0	0	0	0
1062	1	1	1	0	0	3	0	1249	-1	1062	-1	-1	-1	0	0	0	0	0
1063	1	1	1	0	0	3	0	1250	-1	1063	-1	-1	-1	0	0	0	0	0
1064	1	1	1	0	0	3	0	1251	-1	1064	-1	-1	-1	0	0	0	0	0
1065	1	1	1	0	0	3	0	1252	-1	1065	-1	-1	-1	0	0	0	0	0
1066	1	1	1	0	0	3	0	1253	-1	1066	-1	-1	-1	0	0	0	0	0
1067	1	1	1	0	0	3	0	1254	-1	1067	-1	-1	-1	0	0	0	0	0
1068	1	1	1	0	0	3	0	1255	-1	1068	-1	-1	-1	0	0	0	0	0
1069	1	1	1	0	0	3	0	1256	-1	1069	-1	-1	-1	0	0	0	0	0
1070	1	1	1	0	0	3	0	1257	-1	1070	-1	-1	-1	0	0	0	0	0
1071	1	1	1	0	0	3	0	1258	-1	1071	-1	-1	-1	0	0	0	0	0
1072	1	1	1	0	0	3	0	1259	-1	1072	-1	-1	-1	0	0	0	0	0
1073	1	1	1	0	0	3	0	1260	-1	1073	-1	-1	-1	0	0	0	0	0
1074	1	1	1	0	0	3	0	1261	-1	1074	-1	-1	-1	0	0	0	0	0
1075	1	1	1	0	0	3	0	1262	-1	1075	-1	-1	-1	0	0	0	0	0
1076	1	1	1	0	0	3	0	1263	-1	1076	-1	-1	-1	0	0	0	0	0
1077	1	1	1	0	0	3	0	1264	-1	1077	-1	-1	-1	0	0	0	0	0
1078	1	1	1	0	0	3	0	1265	-1	1078	-1	-1	-1	0	0	0	0	0
1079	1	1	1	0	0	3	0	1266	-1	1079	-1	-1	-1	0	0	0	0	0
1080	1	1	1	0	0	3	0	1267	-1	1080	-1	-1	-1	0	0	0	0	0
1081	1	1	1	0	0	3	0	1268	-1	1081	-1	-1	-1	0	0	0	0	0
1082	1	1	1	0	0	3	0	1269	-1	1082	-1	-1	-1	0	0	0	0	0
1083	1	1	1	0	0	3	0	1270	-1	1083	-1	-1	-1	0	0	0	0	0
1084	1	1	1	0	0	3	0	1271	-1	1084	-1	-1	-1	0	0	0	0	0
1085	1	1	1	0	0	3	0	1272	-1	1085	-1	-1	-1	0	0	0	0	0
1086	1	1	1	0	0	3	0	1273	-1	1086	-1	-1	-1	0	0	0	0	0
1087	1	1	1	0	0	3	0	1274	-1	1087	-1	-1	-1	0	0	0	0	0
1088	1	1	1	0	0	3	0	1275	-1	1088	-1	-1	-1	0	0	0	0	0
1089	1	1	1	0	0	3	0	1276	-1	1089	-1	-1	-1	0	0	0	0	0
1090	1	1	0	0	0	1	0	1004	-1	1090	-1	-1	-1	0	0	0	0	0
1091	1	1	3	0	0	1	0	1005	-1	1091	-1	-1	-1	0	0	0	0	0
1092	1	1	1	0	0	1	0	1006	-1	1092	-1	-1	-1	0	0	0	0	0
1093	1	1	0	0	0	3	0	1007	-1	1093	-1	-1	-1	0	0	200,200	0	0
1094	1	1	0	0	0	3	0	1400	-1	1094	-1	-1	-1	0	0	180,180	0	0
1095	1	1	3	0	0	3	0	1401	-1	1095	-1	-1	-1	0	0	200,200	0	0
1096	1	1	1	0	0	1	0	1402	-1	1096	-1	-1	-1	0	0	0	0	0
1097	1	1	0	0	0	3	0	1403	-1	1097	-1	-1	-1	0	0	150,150	0	0
1098	1	1	3	0	0	3	0	1404	-1	1098	-1	-1	-1	0	0	100,100	0	0
1099	1	1	1	0	0	3	0	1405	-1	1099	-1	-1	-1	0	0	350,450	0	0
1100	1	1	0	0	0	0	0	1406	-1	1100	-1	-1	-1	0	0	0	0	0
1101	1	1	0	0	0	3	0	1407	-1	1101	-1	-1	-1	0	0	180,180	0	0
1102	1	1	3	0	0	3	0	1408	-1	1102	-1	-1	-1	0	0	180,180	0	0
1103	1	1	1	0	0	1	0	1409	-1	1103	-1	-1	-1	0	0	0	0	0
