1	成长奖励	主角等级达到2级	4001	0	0	2	-1	2,-1,10|1,-1,2000	-1	2	1	120	1	0
2	成长奖励	主角等级达到4级	4001	0	0	4	-1	2,-1,10|1,-1,2500	1	3	1	120	1	0
3	成长奖励	主角等级达到6级	4001	0	0	6	-1	2,-1,10|1,-1,2500	2	4	1	120	1	0
4	成长奖励	主角等级达到8级	4001	0	0	8	-1	2,-1,10|1,-1,2500	3	5	1	120	1	0
5	成长奖励	主角等级达到10级	4001	0	0	10	-1	2,-1,10|1,-1,2500	4	6	1	120	1	0
6	成长奖励	主角等级达到12级	4001	0	0	12	-1	2,-1,10|1,-1,2500	5	7	1	120	1	0
7	成长奖励	主角等级达到14级	4001	0	0	14	-1	2,-1,10|1,-1,2500	6	8	1	120	1	0
8	成长奖励	主角等级达到16级	4001	0	0	16	-1	2,-1,10|1,-1,2500	7	9	1	120	1	0
9	成长奖励	主角等级达到18级	4001	0	0	18	-1	2,-1,10|1,-1,2500	8	10	1	120	1	0
10	成长奖励	主角等级达到20级	4001	0	0	20	-1	2,-1,10|1,-1,2500	9	11	1	120	1	0
11	成长奖励	主角等级达到22级	4001	0	0	22	-1	2,-1,15|1,-1,4000	10	12	1	120	1	0
12	成长奖励	主角等级达到24级	4001	0	0	24	-1	2,-1,15|1,-1,4000	11	13	1	120	1	0
13	成长奖励	主角等级达到26级	4001	0	0	26	-1	2,-1,15|1,-1,4000	12	14	1	120	1	0
14	成长奖励	主角等级达到28级	4001	0	0	28	-1	2,-1,15|1,-1,4000	13	15	1	120	1	0
15	成长奖励	主角等级达到30级	4001	0	0	30	-1	2,-1,15|1,-1,4000	14	16	1	120	1	0
16	成长奖励	主角等级达到32级	4001	0	0	32	-1	2,-1,15|1,-1,4000	15	17	1	120	1	0
17	成长奖励	主角等级达到34级	4001	0	0	34	-1	2,-1,15|1,-1,4000	16	18	1	120	1	0
18	成长奖励	主角等级达到36级	4001	0	0	36	-1	2,-1,15|1,-1,4000	17	19	1	120	1	0
19	成长奖励	主角等级达到38级	4001	0	0	38	-1	2,-1,15|1,-1,4000	18	20	1	120	1	0
20	成长奖励	主角等级达到40级	4001	0	0	40	-1	2,-1,15|1,-1,4000	19	21	1	120	1	0
21	成长奖励	主角等级达到41级	4001	0	0	41	-1	2,-1,20|1,-1,5000	20	22	1	120	1	0
22	成长奖励	主角等级达到42级	4001	0	0	42	-1	2,-1,20|1,-1,5000	21	23	1	120	1	0
23	成长奖励	主角等级达到43级	4001	0	0	43	-1	2,-1,20|1,-1,5000	22	24	1	120	1	0
24	成长奖励	主角等级达到44级	4001	0	0	44	-1	2,-1,20|1,-1,5000	23	25	1	120	1	0
25	成长奖励	主角等级达到45级	4001	0	0	45	-1	2,-1,20|1,-1,5000	24	26	1	120	1	0
26	成长奖励	主角等级达到46级	4001	0	0	46	-1	2,-1,20|1,-1,5000	25	27	1	120	1	0
27	成长奖励	主角等级达到47级	4001	0	0	47	-1	2,-1,20|1,-1,5000	26	28	1	120	1	0
28	成长奖励	主角等级达到48级	4001	0	0	48	-1	2,-1,20|1,-1,5000	27	29	1	120	1	0
29	成长奖励	主角等级达到49级	4001	0	0	49	-1	2,-1,20|1,-1,5000	28	30	1	120	1	0
30	成长奖励	主角等级达到50级	4001	0	0	50	-1	2,-1,20|1,-1,5000	29	31	1	120	1	0
31	成长奖励	主角等级达到51级	4001	0	0	51	-1	2,-1,20|1,-1,5000	30	32	1	120	1	0
32	成长奖励	主角等级达到52级	4001	0	0	52	-1	2,-1,20|1,-1,5000	31	33	1	120	1	0
33	成长奖励	主角等级达到53级	4001	0	0	53	-1	2,-1,20|1,-1,5000	32	34	1	120	1	0
34	成长奖励	主角等级达到54级	4001	0	0	54	-1	2,-1,20|1,-1,5000	33	35	1	120	1	0
35	成长奖励	主角等级达到55级	4001	0	0	55	-1	2,-1,20|1,-1,5000	34	36	1	120	1	0
36	成长奖励	主角等级达到56级	4001	0	0	56	-1	2,-1,20|1,-1,5000	35	37	1	120	1	0
37	成长奖励	主角等级达到57级	4001	0	0	57	-1	2,-1,20|1,-1,5000	36	38	1	120	1	0
38	成长奖励	主角等级达到58级	4001	0	0	58	-1	2,-1,20|1,-1,5000	37	39	1	120	1	0
39	成长奖励	主角等级达到59级	4001	0	0	59	-1	2,-1,20|1,-1,5000	38	40	1	120	1	0
40	成长奖励	主角等级达到60级	4001	0	0	60	-1	2,-1,20|1,-1,5000	39	41	1	120	1	0
41	成长奖励	主角等级达到61级	4001	0	0	61	-1	2,-1,25|1,-1,7500	40	42	1	120	1	0
42	成长奖励	主角等级达到62级	4001	0	0	62	-1	2,-1,25|1,-1,7500	41	43	1	120	1	0
43	成长奖励	主角等级达到63级	4001	0	0	63	-1	2,-1,25|1,-1,7500	42	44	1	120	1	0
44	成长奖励	主角等级达到64级	4001	0	0	64	-1	2,-1,25|1,-1,7500	43	45	1	120	1	0
45	成长奖励	主角等级达到65级	4001	0	0	65	-1	2,-1,25|1,-1,7500	44	46	1	120	1	0
46	成长奖励	主角等级达到66级	4001	0	0	66	-1	2,-1,25|1,-1,7500	45	47	1	120	1	0
47	成长奖励	主角等级达到67级	4001	0	0	67	-1	2,-1,25|1,-1,7500	46	48	1	120	1	0
48	成长奖励	主角等级达到68级	4001	0	0	68	-1	2,-1,25|1,-1,7500	47	49	1	120	1	0
49	成长奖励	主角等级达到69级	4001	0	0	69	-1	2,-1,25|1,-1,7500	48	50	1	120	1	0
50	成长奖励	主角等级达到70级	4001	0	0	70	-1	2,-1,25|1,-1,7500	49	51	1	120	1	0
51	成长奖励	主角等级达到71级	4001	0	0	71	-1	2,-1,25|1,-1,7500	50	52	1	120	1	0
52	成长奖励	主角等级达到72级	4001	0	0	72	-1	2,-1,25|1,-1,7500	51	53	1	120	1	0
53	成长奖励	主角等级达到73级	4001	0	0	73	-1	2,-1,25|1,-1,7500	52	54	1	120	1	0
54	成长奖励	主角等级达到74级	4001	0	0	74	-1	2,-1,25|1,-1,7500	53	55	1	120	1	0
55	成长奖励	主角等级达到75级	4001	0	0	75	-1	2,-1,25|1,-1,7500	54	56	1	120	1	0
56	成长奖励	主角等级达到76级	4001	0	0	76	-1	2,-1,25|1,-1,7500	55	57	1	120	1	0
57	成长奖励	主角等级达到77级	4001	0	0	77	-1	2,-1,25|1,-1,7500	56	58	1	120	1	0
58	成长奖励	主角等级达到78级	4001	0	0	78	-1	2,-1,25|1,-1,7500	57	59	1	120	1	0
59	成长奖励	主角等级达到79级	4001	0	0	79	-1	2,-1,25|1,-1,7500	58	60	1	120	1	0
60	成长奖励	主角等级达到80级	4001	0	0	80	-1	2,-1,25|1,-1,7500	59	61	1	120	1	0
61	成长奖励	主角等级达到81级	4001	0	0	81	-1	2,-1,30|1,-1,10000	60	62	1	120	1	0
62	成长奖励	主角等级达到82级	4001	0	0	82	-1	2,-1,30|1,-1,10000	61	63	1	120	1	0
63	成长奖励	主角等级达到83级	4001	0	0	83	-1	2,-1,30|1,-1,10000	62	64	1	120	1	0
64	成长奖励	主角等级达到84级	4001	0	0	84	-1	2,-1,30|1,-1,10000	63	65	1	120	1	0
65	成长奖励	主角等级达到85级	4001	0	0	85	-1	2,-1,30|1,-1,10000	64	66	1	120	1	0
66	成长奖励	主角等级达到86级	4001	0	0	86	-1	2,-1,30|1,-1,10000	65	67	1	120	1	0
67	成长奖励	主角等级达到87级	4001	0	0	87	-1	2,-1,30|1,-1,10000	66	68	1	120	1	0
68	成长奖励	主角等级达到88级	4001	0	0	88	-1	2,-1,30|1,-1,10000	67	69	1	120	1	0
69	成长奖励	主角等级达到89级	4001	0	0	89	-1	2,-1,30|1,-1,10000	68	70	1	120	1	0
70	成长奖励	主角等级达到90级	4001	0	0	90	-1	2,-1,30|1,-1,10000	69	71	1	120	1	0
71	成长奖励	主角等级达到91级	4001	0	0	91	-1	2,-1,30|1,-1,10000	70	72	1	120	1	0
72	成长奖励	主角等级达到92级	4001	0	0	92	-1	2,-1,30|1,-1,10000	71	73	1	120	1	0
73	成长奖励	主角等级达到93级	4001	0	0	93	-1	2,-1,30|1,-1,10000	72	74	1	120	1	0
74	成长奖励	主角等级达到94级	4001	0	0	94	-1	2,-1,30|1,-1,10000	73	75	1	120	1	0
75	成长奖励	主角等级达到95级	4001	0	0	95	-1	2,-1,30|1,-1,10000	74	76	1	120	1	0
76	成长奖励	主角等级达到96级	4001	0	0	96	-1	2,-1,30|1,-1,10000	75	77	1	120	1	0
77	成长奖励	主角等级达到97级	4001	0	0	97	-1	2,-1,30|1,-1,10000	76	78	1	120	1	0
78	成长奖励	主角等级达到98级	4001	0	0	98	-1	2,-1,30|1,-1,10000	77	79	1	120	1	0
79	成长奖励	主角等级达到99级	4001	0	0	99	-1	2,-1,30|1,-1,10000	78	80	1	120	1	0
80	成长奖励	主角等级达到100级	4001	0	0	100	-1	2,-1,30|1,-1,10000	79	81	1	120	1	0
81	成长奖励	主角等级达到101级	4001	0	0	101	-1	2,-1,30|1,-1,10000	80	82	-1	120	1	0
82	成长奖励	主角等级达到102级	4001	0	0	102	-1	2,-1,30|1,-1,10000	81	83	-1	120	1	0
83	成长奖励	主角等级达到103级	4001	0	0	103	-1	2,-1,30|1,-1,10000	82	84	-1	120	1	0
84	成长奖励	主角等级达到104级	4001	0	0	104	-1	2,-1,30|1,-1,10000	83	85	-1	120	1	0
85	成长奖励	主角等级达到105级	4001	0	0	105	-1	2,-1,30|1,-1,10000	84	86	-1	120	1	0
86	成长奖励	主角等级达到106级	4001	0	0	106	-1	2,-1,30|1,-1,10000	85	87	-1	120	1	0
87	成长奖励	主角等级达到107级	4001	0	0	107	-1	2,-1,30|1,-1,10000	86	88	-1	120	1	0
88	成长奖励	主角等级达到108级	4001	0	0	108	-1	2,-1,30|1,-1,10000	87	89	-1	120	1	0
89	成长奖励	主角等级达到109级	4001	0	0	109	-1	2,-1,30|1,-1,10000	88	90	-1	120	1	0
90	成长奖励	主角等级达到110级	4001	0	0	110	-1	2,-1,30|1,-1,10000	89	91	-1	120	1	0
91	成长奖励	主角等级达到111级	4001	0	0	111	-1	2,-1,30|1,-1,10000	90	92	-1	120	1	0
92	成长奖励	主角等级达到112级	4001	0	0	112	-1	2,-1,30|1,-1,10000	91	93	-1	120	1	0
93	成长奖励	主角等级达到113级	4001	0	0	113	-1	2,-1,30|1,-1,10000	92	94	-1	120	1	0
94	成长奖励	主角等级达到114级	4001	0	0	114	-1	2,-1,30|1,-1,10000	93	95	-1	120	1	0
95	成长奖励	主角等级达到115级	4001	0	0	115	-1	2,-1,30|1,-1,10000	94	96	-1	120	1	0
96	成长奖励	主角等级达到116级	4001	0	0	116	-1	2,-1,30|1,-1,10000	95	97	-1	120	1	0
97	成长奖励	主角等级达到117级	4001	0	0	117	-1	2,-1,30|1,-1,10000	96	98	-1	120	1	0
98	成长奖励	主角等级达到118级	4001	0	0	118	-1	2,-1,30|1,-1,10000	97	99	-1	120	1	0
99	成长奖励	主角等级达到119级	4001	0	0	119	-1	2,-1,30|1,-1,10000	98	100	-1	120	1	0
100	成长奖励	主角等级达到120级	4001	0	0	120	-1	2,-1,30|1,-1,10000	99	101	-1	120	1	0
101	成长奖励	主角等级达到121级	4001	0	0	121	-1	2,-1,30|1,-1,10000	100	102	-1	120	1	0
102	成长奖励	主角等级达到122级	4001	0	0	122	-1	2,-1,30|1,-1,10000	101	103	-1	120	1	0
103	成长奖励	主角等级达到123级	4001	0	0	123	-1	2,-1,30|1,-1,10000	102	104	-1	120	1	0
104	成长奖励	主角等级达到124级	4001	0	0	124	-1	2,-1,30|1,-1,10000	103	105	-1	120	1	0
105	成长奖励	主角等级达到125级	4001	0	0	125	-1	2,-1,30|1,-1,10000	104	106	-1	120	1	0
106	成长奖励	主角等级达到126级	4001	0	0	126	-1	2,-1,30|1,-1,10000	105	107	-1	120	1	0
107	成长奖励	主角等级达到127级	4001	0	0	127	-1	2,-1,30|1,-1,10000	106	108	-1	120	1	0
108	成长奖励	主角等级达到128级	4001	0	0	128	-1	2,-1,30|1,-1,10000	107	109	-1	120	1	0
109	成长奖励	主角等级达到129级	4001	0	0	129	-1	2,-1,30|1,-1,10000	108	110	-1	120	1	0
110	成长奖励	主角等级达到130级	4001	0	0	130	-1	2,-1,30|1,-1,10000	109	111	-1	120	1	0
111	成长奖励	主角等级达到131级	4001	0	0	131	-1	2,-1,30|1,-1,10000	110	112	-1	120	1	0
112	成长奖励	主角等级达到132级	4001	0	0	132	-1	2,-1,30|1,-1,10000	111	113	-1	120	1	0
113	成长奖励	主角等级达到133级	4001	0	0	133	-1	2,-1,30|1,-1,10000	112	114	-1	120	1	0
114	成长奖励	主角等级达到134级	4001	0	0	134	-1	2,-1,30|1,-1,10000	113	115	-1	120	1	0
115	成长奖励	主角等级达到135级	4001	0	0	135	-1	2,-1,30|1,-1,10000	114	116	-1	120	1	0
116	成长奖励	主角等级达到136级	4001	0	0	136	-1	2,-1,30|1,-1,10000	115	117	-1	120	1	0
117	成长奖励	主角等级达到137级	4001	0	0	137	-1	2,-1,30|1,-1,10000	116	118	-1	120	1	0
118	成长奖励	主角等级达到138级	4001	0	0	138	-1	2,-1,30|1,-1,10000	117	119	-1	120	1	0
119	成长奖励	主角等级达到139级	4001	0	0	139	-1	2,-1,30|1,-1,10000	118	120	-1	120	1	0
120	成长奖励	主角等级达到140级	4001	0	0	140	-1	2,-1,30|1,-1,10000	119	121	-1	120	1	0
121	成长奖励	主角等级达到141级	4001	0	0	141	-1	2,-1,30|1,-1,10000	120	122	-1	120	1	0
122	成长奖励	主角等级达到142级	4001	0	0	142	-1	2,-1,30|1,-1,10000	121	123	-1	120	1	0
123	成长奖励	主角等级达到143级	4001	0	0	143	-1	2,-1,30|1,-1,10000	122	124	-1	120	1	0
124	成长奖励	主角等级达到144级	4001	0	0	144	-1	2,-1,30|1,-1,10000	123	125	-1	120	1	0
125	成长奖励	主角等级达到145级	4001	0	0	145	-1	2,-1,30|1,-1,10000	124	126	-1	120	1	0
126	成长奖励	主角等级达到146级	4001	0	0	146	-1	2,-1,30|1,-1,10000	125	127	-1	120	1	0
127	成长奖励	主角等级达到147级	4001	0	0	147	-1	2,-1,30|1,-1,10000	126	128	-1	120	1	0
128	成长奖励	主角等级达到148级	4001	0	0	148	-1	2,-1,30|1,-1,10000	127	129	-1	120	1	0
129	成长奖励	主角等级达到149级	4001	0	0	149	-1	2,-1,30|1,-1,10000	128	130	-1	120	1	0
130	成长奖励	主角等级达到150级	4001	0	0	150	-1	2,-1,30|1,-1,10000	129	-1	-1	120	1	0
131	奋勇作战	通关主线关卡1-3	3031	1	3	1	-1	1,-1,2000|6,229,5	-1	132	1	301	1	0
132	奋勇作战	通关主线关卡2-2	3031	1	5	1	-1	1,-1,2000|6,229,5	131	133	1	302	1	0
133	奋勇作战	通关主线关卡2-5	3031	1	8	1	-1	1,-1,2000|6,229,5	132	134	1	303	1	0
134	奋勇作战	通关主线关卡2-8	3031	1	11	1	-1	1,-1,2000|6,229,5	133	135	1	304	1	0
135	奋勇作战	通关主线关卡3-2	3031	1	13	1	-1	1,-1,2500|6,229,5	134	136	1	305	1	0
136	奋勇作战	通关主线关卡3-5	3031	1	16	1	-1	1,-1,2500|6,229,5	135	137	1	306	1	0
137	奋勇作战	通关主线关卡3-8	3031	1	19	1	-1	1,-1,2500|6,229,5	136	138	1	307	1	0
138	奋勇作战	通关主线关卡4-2	3031	1	21	1	-1	1,-1,3000|6,229,5	137	139	1	308	1	0
139	奋勇作战	通关主线关卡4-5	3031	1	24	1	-1	1,-1,3000|6,229,5	138	140	1	309	1	0
140	奋勇作战	通关主线关卡4-8	3031	1	27	1	-1	1,-1,3000|6,229,5	139	141	1	310	1	0
141	奋勇作战	通关主线关卡5-4	3031	1	31	1	-1	1,-1,3500|6,229,5	140	142	1	311	1	0
142	奋勇作战	通关主线关卡5-7	3031	1	34	1	-1	1,-1,3500|6,229,5	141	143	1	312	1	0
143	奋勇作战	通关主线关卡5-10	3031	1	37	1	-1	1,-1,3500|6,229,5	142	144	1	313	1	0
144	奋勇作战	通关主线关卡6-4	3031	1	41	1	-1	1,-1,4000|6,229,5	143	145	1	314	1	0
145	奋勇作战	通关主线关卡6-7	3031	1	44	1	-1	1,-1,4000|6,229,5	144	146	1	315	1	0
146	奋勇作战	通关主线关卡6-10	3031	1	47	1	-1	1,-1,4000|6,229,5	145	147	1	316	1	0
147	奋勇作战	通关主线关卡7-4	3031	1	51	1	-1	1,-1,5000|6,230,5	146	148	1	317	1	0
148	奋勇作战	通关主线关卡7-7	3031	1	54	1	-1	1,-1,5000|6,230,5	147	149	1	318	1	0
149	奋勇作战	通关主线关卡7-10	3031	1	57	1	-1	1,-1,5000|6,230,5	148	150	1	319	1	0
150	奋勇作战	通关主线关卡8-4	3031	1	61	1	-1	1,-1,7000|6,230,5	149	151	1	320	1	0
151	奋勇作战	通关主线关卡8-7	3031	1	64	1	-1	1,-1,7000|6,230,5	150	152	1	321	1	0
152	奋勇作战	通关主线关卡8-10	3031	1	67	1	-1	1,-1,7000|6,230,5	151	153	1	322	1	0
153	奋勇作战	通关主线关卡9-4	3031	1	71	1	-1	1,-1,9000|6,230,5	152	154	1	323	1	0
154	奋勇作战	通关主线关卡9-7	3031	1	74	1	-1	1,-1,9000|6,230,5	153	155	1	324	1	0
155	奋勇作战	通关主线关卡9-10	3031	1	77	1	-1	1,-1,9000|6,230,5	154	156	1	325	1	0
156	奋勇作战	通关主线关卡10-4	3031	1	81	1	-1	1,-1,11000|6,230,5	155	157	1	326	1	0
157	奋勇作战	通关主线关卡10-7	3031	1	84	1	-1	1,-1,11000|6,230,5	156	158	1	327	1	0
158	奋勇作战	通关主线关卡10-10	3031	1	87	1	-1	1,-1,11000|6,230,5	157	159	1	328	1	0
159	奋勇作战	通关主线关卡11-4	3031	1	91	1	-1	1,-1,13000|6,230,5	158	160	1	329	1	0
160	奋勇作战	通关主线关卡11-7	3031	1	94	1	-1	1,-1,13000|6,230,5	159	161	1	330	1	0
161	奋勇作战	通关主线关卡11-10	3031	1	97	1	-1	1,-1,13000|6,230,5	160	162	1	331	1	0
162	奋勇作战	通关主线关卡12-4	3031	1	101	1	-1	1,-1,15000|6,231,5	161	163	1	332	1	0
163	奋勇作战	通关主线关卡12-7	3031	1	104	1	-1	1,-1,15000|6,231,5	162	164	1	333	1	0
164	奋勇作战	通关主线关卡12-10	3031	1	107	1	-1	1,-1,15000|6,231,5	163	165	1	334	1	0
165	奋勇作战	通关主线关卡13-4	3031	1	111	1	-1	1,-1,17000|6,231,5	164	166	1	335	1	0
166	奋勇作战	通关主线关卡13-7	3031	1	114	1	-1	1,-1,17000|6,231,5	165	167	1	336	1	0
167	奋勇作战	通关主线关卡13-10	3031	1	117	1	-1	1,-1,17000|6,231,5	166	168	1	337	1	0
168	奋勇作战	通关主线关卡14-4	3031	1	121	1	-1	1,-1,19000|6,231,5	167	169	1	338	1	0
169	奋勇作战	通关主线关卡14-7	3031	1	124	1	-1	1,-1,19000|6,231,5	168	170	1	339	1	0
170	奋勇作战	通关主线关卡14-10	3031	1	127	1	-1	1,-1,19000|6,231,5	169	171	1	340	1	0
171	奋勇作战	通关主线关卡15-4	3031	1	131	1	-1	1,-1,21000|6,231,5	170	172	1	341	1	0
172	奋勇作战	通关主线关卡15-7	3031	1	134	1	-1	1,-1,21000|6,231,5	171	173	1	342	1	0
173	奋勇作战	通关主线关卡15-10	3031	1	137	1	-1	1,-1,21000|6,231,5	172	174	1	343	1	0
174	奋勇作战	通关主线关卡16-4	3031	1	141	1	-1	1,-1,23000|6,231,5	173	175	1	344	1	0
175	奋勇作战	通关主线关卡16-7	3031	1	144	1	-1	1,-1,23000|6,231,5	174	176	1	345	1	0
176	奋勇作战	通关主线关卡16-10	3031	1	147	1	-1	1,-1,23000|6,231,5	175	177	1	346	1	0
177	奋勇作战	通关主线关卡17-4	3031	1	151	1	-1	1,-1,25000|6,232,5	176	178	1	347	1	0
178	奋勇作战	通关主线关卡17-7	3031	1	154	1	-1	1,-1,25000|6,232,5	177	179	1	348	1	0
179	奋勇作战	通关主线关卡17-10	3031	1	157	1	-1	1,-1,25000|6,232,5	178	180	1	349	1	0
180	奋勇作战	通关主线关卡18-4	3031	1	161	1	-1	1,-1,27000|6,232,5	179	181	1	350	1	0
181	奋勇作战	通关主线关卡18-7	3031	1	164	1	-1	1,-1,27000|6,232,5	180	182	1	351	1	0
182	奋勇作战	通关主线关卡18-10	3031	1	167	1	-1	1,-1,27000|6,232,5	181	183	1	352	1	0
183	奋勇作战	通关主线关卡19-4	3031	1	171	1	-1	1,-1,29000|6,232,5	182	184	1	353	1	0
184	奋勇作战	通关主线关卡19-7	3031	1	174	1	-1	1,-1,29000|6,232,5	183	185	1	354	1	0
185	奋勇作战	通关主线关卡19-10	3031	1	177	1	-1	1,-1,29000|6,232,5	184	186	1	355	1	0
186	奋勇作战	通关主线关卡20-4	3031	1	181	1	-1	1,-1,31000|6,232,5	185	187	1	356	1	0
187	奋勇作战	通关主线关卡20-7	3031	1	184	1	-1	1,-1,31000|6,232,5	186	188	1	357	1	0
188	奋勇作战	通关主线关卡20-10	3031	1	187	1	-1	1,-1,31000|6,232,5	187	189	1	358	1	0
189	奋勇作战	通关主线关卡21-4	3031	1	191	1	-1	1,-1,33000|6,232,5	188	190	1	359	1	0
190	奋勇作战	通关主线关卡21-7	3031	1	194	1	-1	1,-1,33000|6,232,5	189	191	1	360	1	0
191	奋勇作战	通关主线关卡21-10	3031	1	197	1	-1	1,-1,33000|6,232,5	190	-1	1	361	1	0
192	增强实力	1个数码兽升至绿色品质	3002	0	25	1	1	1,-1,3000|6,68,3	-1	193	1	286	1	0
193	增强实力	3个数码兽升至绿色品质	3002	0	25	1	3	1,-1,3000|6,68,3	192	194	1	286	1	0
194	增强实力	6个数码兽升至绿色品质	3002	0	25	1	6	1,-1,3000|6,68,3	193	195	1	286	1	0
195	增强实力	1个数码兽升至绿色+1品质	3002	0	25	2	1	1,-1,3000|6,68,3	194	196	1	286	1	0
196	增强实力	3个数码兽升至绿色+1品质	3002	0	25	2	3	1,-1,3000|6,68,3	195	197	1	286	1	0
197	增强实力	6个数码兽升至绿色+1品质	3002	0	25	2	6	1,-1,3000|6,68,3	196	198	1	286	1	0
198	增强实力	1个数码兽升至绿色+2品质	3002	0	25	3	1	1,-1,3000|6,68,3	197	199	1	286	1	0
199	增强实力	3个数码兽升至绿色+2品质	3002	0	25	3	3	1,-1,3000|6,68,3	198	200	1	286	1	0
200	增强实力	6个数码兽升至绿色+2品质	3002	0	25	3	6	1,-1,3000|6,68,3	199	201	1	286	1	0
201	增强实力	1个数码兽升至蓝色品质	3002	0	25	4	1	1,-1,3000|6,68,3	200	202	1	286	1	0
202	增强实力	3个数码兽升至蓝色品质	3002	0	25	4	3	1,-1,3000|6,68,3	201	203	1	286	1	0
203	增强实力	6个数码兽升至蓝色品质	3002	0	25	4	6	1,-1,3000|6,68,3	202	204	1	286	1	0
204	增强实力	1个数码兽升至蓝色+1品质	3002	0	25	5	1	1,-1,3000|6,68,3	203	205	1	286	1	0
205	增强实力	3个数码兽升至蓝色+1品质	3002	0	25	5	3	1,-1,3000|6,68,3	204	206	1	286	1	0
206	增强实力	6个数码兽升至蓝色+1品质	3002	0	25	5	6	1,-1,3000|6,68,3	205	207	1	286	1	0
207	增强实力	1个数码兽升至蓝色+2品质	3002	0	25	6	1	1,-1,3000|6,68,3	206	208	1	286	1	0
208	增强实力	3个数码兽升至蓝色+2品质	3002	0	25	6	3	1,-1,3000|6,68,3	207	209	1	286	1	0
209	增强实力	6个数码兽升至蓝色+2品质	3002	0	25	6	6	1,-1,3000|6,68,3	208	210	1	286	1	0
210	增强实力	1个数码兽升至蓝色+3品质	3002	0	25	7	1	1,-1,3000|6,68,3	209	211	1	286	1	0
211	增强实力	3个数码兽升至蓝色+3品质	3002	0	25	7	3	1,-1,3000|6,68,3	210	212	1	286	1	0
212	增强实力	6个数码兽升至蓝色+3品质	3002	0	25	7	6	1,-1,3000|6,68,3	211	213	1	286	1	0
213	增强实力	1个数码兽升至紫色品质	3002	0	25	8	1	1,-1,3000|6,68,3	212	214	1	286	1	0
214	增强实力	3个数码兽升至紫色品质	3002	0	25	8	3	1,-1,3000|6,68,3	213	215	1	286	1	0
215	增强实力	6个数码兽升至紫色品质	3002	0	25	8	6	1,-1,3000|6,68,3	214	216	1	286	1	0
216	增强实力	1个数码兽升至紫色+1品质	3002	0	25	9	1	1,-1,3000|6,68,3	215	217	1	286	1	0
217	增强实力	3个数码兽升至紫色+1品质	3002	0	25	9	3	1,-1,3000|6,68,3	216	218	1	286	1	0
218	增强实力	6个数码兽升至紫色+1品质	3002	0	25	9	6	1,-1,3000|6,68,3	217	219	1	286	1	0
219	增强实力	1个数码兽升至紫色+2品质	3002	0	25	10	1	1,-1,3000|6,68,3	218	220	1	286	1	0
220	增强实力	3个数码兽升至紫色+2品质	3002	0	25	10	3	1,-1,3000|6,68,3	219	221	1	286	1	0
221	增强实力	6个数码兽升至紫色+2品质	3002	0	25	10	6	1,-1,3000|6,68,3	220	222	1	286	1	0
222	增强实力	1个数码兽升至紫色+3品质	3002	0	25	11	1	1,-1,3000|6,68,3	221	223	1	286	1	0
223	增强实力	3个数码兽升至紫色+3品质	3002	0	25	11	3	1,-1,3000|6,68,3	222	224	1	286	1	0
224	增强实力	6个数码兽升至紫色+3品质	3002	0	25	11	6	1,-1,3000|6,68,3	223	225	1	286	1	0
225	增强实力	1个数码兽升至紫色+4品质	3002	0	25	12	1	1,-1,3000|6,68,3	224	226	1	286	1	0
226	增强实力	3个数码兽升至紫色+4品质	3002	0	25	12	3	1,-1,3000|6,68,3	225	227	1	286	1	0
227	增强实力	6个数码兽升至紫色+4品质	3002	0	25	12	6	1,-1,3000|6,68,3	226	228	1	286	1	0
228	增强实力	1个数码兽升至橙色品质	3002	0	25	13	1	1,-1,3000|6,68,3	227	229	1	286	1	0
229	增强实力	3个数码兽升至橙色品质	3002	0	25	13	3	1,-1,3000|6,68,3	228	230	1	286	1	0
230	增强实力	6个数码兽升至橙色品质	3002	0	25	13	6	1,-1,3000|6,68,3	229	231	1	286	1	0
231	增强实力	1个数码兽升至橙色+1品质	3002	0	25	14	1	1,-1,3000|6,68,3	230	232	1	286	1	0
232	增强实力	3个数码兽升至橙色+1品质	3002	0	25	14	3	1,-1,3000|6,68,3	231	233	1	286	1	0
233	增强实力	6个数码兽升至橙色+1品质	3002	0	25	14	6	1,-1,3000|6,68,3	232	234	1	286	1	0
234	增强实力	1个数码兽升至橙色+2品质	3002	0	25	15	1	1,-1,3000|6,68,3	233	235	1	286	1	0
235	增强实力	3个数码兽升至橙色+2品质	3002	0	25	15	3	1,-1,3000|6,68,3	234	236	1	286	1	0
236	增强实力	6个数码兽升至橙色+2品质	3002	0	25	15	6	1,-1,3000|6,68,3	235	237	1	286	1	0
237	增强实力	1个数码兽升至橙色+3品质	3002	0	25	16	1	1,-1,3000|6,68,3	236	238	1	286	1	0
238	增强实力	3个数码兽升至橙色+3品质	3002	0	25	16	3	1,-1,3000|6,68,3	237	239	1	286	1	0
239	增强实力	6个数码兽升至橙色+3品质	3002	0	25	16	6	1,-1,3000|6,68,3	238	240	1	286	1	0
240	增强实力	1个数码兽升至橙色+4品质	3002	0	25	17	1	1,-1,3000|6,68,3	239	241	1	286	1	0
241	增强实力	3个数码兽升至橙色+4品质	3002	0	25	17	3	1,-1,3000|6,68,3	240	242	1	286	1	0
242	增强实力	6个数码兽升至橙色+4品质	3002	0	25	17	6	1,-1,3000|6,68,3	241	-1	1	286	1	0
243	数码达人	拥有3个数码兽	3031	0	26	3	-1	1,-1,3000|6,230,10	-1	244	1	291	1	0
244	数码达人	拥有4个数码兽	3031	0	26	4	-1	1,-1,3500|6,230,10	243	245	1	291	1	0
245	数码达人	拥有5个数码兽	3031	0	26	5	-1	1,-1,4000|6,230,10	244	246	1	291	1	0
246	数码达人	拥有6个数码兽	3031	0	26	6	-1	1,-1,4500|6,230,10	245	247	1	291	1	0
247	数码达人	拥有7个数码兽	3031	0	26	7	-1	1,-1,5000|6,230,10	246	248	1	291	1	0
248	数码达人	拥有8个数码兽	3031	0	26	8	-1	1,-1,5500|6,230,10	247	249	1	291	1	0
249	数码达人	拥有9个数码兽	3031	0	26	9	-1	1,-1,6000|6,230,10	248	250	1	291	1	0
250	数码达人	拥有10个数码兽	3031	0	26	10	-1	1,-1,6500|6,231,10	249	251	1	291	1	0
251	数码达人	拥有11个数码兽	3031	0	26	11	-1	1,-1,7000|6,231,10	250	252	1	291	1	0
252	数码达人	拥有12个数码兽	3031	0	26	12	-1	1,-1,7500|6,231,10	251	253	1	291	1	0
253	数码达人	拥有13个数码兽	3031	0	26	13	-1	1,-1,8000|6,231,10	252	254	1	291	1	0
254	数码达人	拥有14个数码兽	3031	0	26	14	-1	1,-1,8500|6,231,10	253	255	1	291	1	0
255	数码达人	拥有15个数码兽	3031	0	26	15	-1	1,-1,9000|6,231,10	254	256	1	291	1	0
256	数码达人	拥有16个数码兽	3031	0	26	16	-1	1,-1,9500|6,231,10	255	257	1	291	1	0
257	数码达人	拥有17个数码兽	3031	0	26	17	-1	1,-1,10000|6,231,10	256	258	1	291	1	0
258	数码达人	拥有18个数码兽	3031	0	26	18	-1	1,-1,10500|6,231,10	257	259	1	291	1	0
259	数码达人	拥有19个数码兽	3031	0	26	19	-1	1,-1,11000|6,231,10	258	260	1	291	1	0
260	数码达人	拥有20个数码兽	3031	0	26	20	-1	1,-1,11500|6,231,10	259	261	1	291	1	0
261	数码达人	拥有21个数码兽	3031	0	26	21	-1	1,-1,12000|6,232,10	260	262	1	291	1	0
262	数码达人	拥有22个数码兽	3031	0	26	22	-1	1,-1,12500|6,232,10	261	-1	1	291	1	0
263	等级达到5	——	3031	0	0	5	-1	2,-1,20|1,-1,2000	-1	-1	1	-1	1	1
264	等级达到10	——	3031	0	0	10	-1	1,-1,4000|2,-1,40|6,230,20	-1	-1	1	-1	1	1
265	等级达到15	——	3031	0	0	15	-1	1,-1,6000|2,-1,50|6,230,20	-1	-1	1	-1	1	1
266	等级达到20	——	3031	0	0	20	-1	1,-1,8000|2,-1,80|6,230,20	-1	-1	1	-1	1	1
267	等级达到25	——	3031	0	0	25	-1	1,-1,10000|2,-1,100|6,230,20	-1	-1	1	-1	1	1
268	等级达到30	——	3031	0	0	30	-1	1,-1,12000|2,-1,100|6,230,20	-1	-1	1	-1	1	1
269	等级达到35	——	3031	0	0	35	-1	1,-1,14000|2,-1,100|6,230,20	-1	-1	1	-1	1	1
270	等级达到40	——	3031	0	0	40	-1	1,-1,16000|2,-1,100|6,230,20	-1	-1	1	-1	1	1
271	等级达到45	——	3031	0	0	45	-1	1,-1,18000|2,-1,100|6,230,20	-1	-1	1	-1	1	1
272	等级达到50	——	3031	0	0	50	-1	1,-1,20000|2,-1,100|6,230,20	-1	-1	1	-1	1	1
273	通过第一章3关	——	3031	1	3	1	-1	2,-1,10|6,69,1|6,70,1|6,71,1	-1	-1	1	-1	1	1
274	通过第二章8关	——	3031	1	11	1	-1	2,-1,10|6,69,2|6,70,2|6,71,2	-1	-1	1	-1	1	1
275	通过第三章8关	——	3031	1	19	1	-1	2,-1,10|6,72,2|6,73,2|6,74,2	-1	-1	1	-1	1	1
276	通过第四章8关	——	3031	1	27	1	-1	2,-1,10|6,72,2|6,73,2|6,74,2	-1	-1	1	-1	1	1
277	通过第五章10关	——	3031	1	37	1	-1	2,-1,10|6,75,2|6,76,2|6,77,2	-1	-1	1	-1	1	1
278	通过第六章10关	——	3031	1	47	1	-1	2,-1,10|6,75,3|6,76,3|6,77,3	-1	-1	1	-1	1	1
279	通过第七章10关	——	3031	1	57	1	-1	2,-1,10|6,78,3|6,79,3|6,80,3	-1	-1	1	-1	1	1
280	通过第八章10关	——	3031	1	67	1	-1	2,-1,10|6,78,3|6,79,3|6,80,3	-1	-1	1	-1	1	1
281	通过精英第一章3关	——	3031	1	490	1	-1	1,-1,6000|2,-1,10|6,117,1	-1	-1	1	-1	1	1
282	通过精英第二章4关	——	3031	1	494	1	-1	1,-1,6000|2,-1,10|6,117,1	-1	-1	1	-1	1	1
283	通过精英第三章4关	——	3031	1	498	1	-1	1,-1,6000|2,-1,10|6,118,1	-1	-1	1	-1	1	1
284	通过精英第四章4关	——	3031	1	502	1	-1	1,-1,6000|2,-1,10|6,118,1	-1	-1	1	-1	1	1
285	通过精英第五章5关	——	3031	1	507	1	-1	1,-1,6000|2,-1,10|6,119,1	-1	-1	1	-1	1	1
286	通过精英第六章5关	——	3031	1	512	1	-1	1,-1,10000|2,-1,10|6,119,1	-1	-1	1	-1	1	1
287	通过精英第七章5关	——	3031	1	517	1	-1	1,-1,20000|2,-1,10|6,120,1	-1	-1	1	-1	1	1
288	通过精英第八章5关	——	3031	1	522	1	-1	1,-1,30000|2,-1,10|6,120,1	-1	-1	1	-1	1	1
289	通过精英第九章5关	——	3031	1	527	1	-1	1,-1,50000|2,-1,10|6,121,1	-1	-1	1	-1	1	1
290	通过精英第十章5关	——	3031	1	532	1	-1	1,-1,80000|2,-1,10|6,121,1	-1	-1	1	-1	1	1
291	3个数码兽升级至绿+1品质	——	3031	0	25	2	3	2,-1,20|6,68,5	-1	-1	1	-1	1	1
292	5个数码兽升级至绿色品质	——	3031	0	25	1	5	2,-1,20|6,68,5	-1	-1	1	-1	1	1
293	5个数码兽升级至绿+2品质	——	3031	0	25	3	5	2,-1,30|6,68,5	-1	-1	1	-1	1	1
294	3个数码兽升级至蓝色品质	——	3031	0	25	4	3	2,-1,30|6,68,10	-1	-1	1	-1	1	1
295	6个数码兽升级至蓝色品质	——	3031	0	25	4	6	2,-1,30|6,68,15	-1	-1	1	-1	1	1
296	6个数码兽升级至蓝+1品质	——	3031	0	25	5	6	2,-1,40|6,68,20	-1	-1	1	-1	1	1
297	6个数码兽升级至蓝+2品质	——	3031	0	25	6	6	2,-1,40|6,68,20	-1	-1	1	-1	1	1
298	6个数码兽升级至蓝+3品质	——	3031	0	25	7	6	2,-1,50|6,68,30	-1	-1	1	-1	1	1
299	6个数码兽升级至紫色品质	——	3031	0	25	8	6	2,-1,50|6,68,40	-1	-1	1	-1	1	1
300	6个数码兽升级至紫+1品质	——	3031	0	25	9	6	2,-1,50|6,68,50	-1	-1	1	-1	1	1
301	获得2个3星数码兽	——	3031	0	27	3	2	1,-1,10000|7,184,2	-1	-1	1	-1	1	1
302	获得4个3星数码兽	——	3031	0	27	3	4	1,-1,20000|7,187,2	-1	-1	1	-1	1	1
303	获得6个3星数码兽	——	3031	0	27	3	6	1,-1,20000|6,223,2	-1	-1	1	-1	1	1
304	获得2个4星数码兽	——	3031	0	27	4	2	1,-1,70000|7,185,2	-1	-1	1	-1	1	1
305	获得4个4星数码兽	——	3031	0	27	4	4	1,-1,100000|7,188,2	-1	-1	1	-1	1	1
306	获得6个4星数码兽	——	3031	0	27	4	6	1,-1,100000|6,223,5	-1	-1	1	-1	1	1
307	获得1个5星数码兽	——	3031	0	27	5	1	1,-1,100000|6,1,1	-1	-1	1	-1	1	1
308	获得3个5星数码兽	——	3031	0	27	5	3	1,-1,100000|34,-1,15	-1	-1	1	-1	1	1
309	获得2个6星数码兽	——	3031	0	27	6	2	1,-1,200000|6,237,50	-1	-1	1	-1	1	1
310	获得1个7星数码兽	——	3031	0	27	7	1	1,-1,300000|7,104,1	-1	-1	1	-1	1	1
311	10件装备升级至绿色品质	——	3031	0	28	1	10	1,-1,10000|6,118,2|7,184,2	-1	-1	1	-1	1	1
312	20件装备升级至绿色品质	——	3031	0	28	1	20	1,-1,20000|6,118,2|7,187,2	-1	-1	1	-1	1	1
313	10件装备升级至绿色+1品质	——	3031	0	28	2	10	1,-1,30000|6,119,2|7,185,1	-1	-1	1	-1	1	1
314	20件装备升级至绿色+1品质	——	3031	0	28	2	20	1,-1,40000|6,119,2|7,188,1	-1	-1	1	-1	1	1
315	10件装备升级至绿色+2品质	——	3031	0	28	3	10	1,-1,50000|6,120,2|7,185,1	-1	-1	1	-1	1	1
316	20件装备升级至绿色+2品质	——	3031	0	28	3	20	1,-1,60000|6,120,2|7,188,1	-1	-1	1	-1	1	1
317	10件装备升级至蓝色品质	——	3031	0	28	4	10	1,-1,70000|6,121,2|7,185,2	-1	-1	1	-1	1	1
318	20件装备升级至蓝色品质	——	3031	0	28	4	20	1,-1,80000|6,121,2|7,188,2	-1	-1	1	-1	1	1
319	20件装备升级至蓝色+1品质	——	3031	0	28	5	20	1,-1,90000|6,122,2|7,185,2	-1	-1	1	-1	1	1
320	20件装备升级至蓝色+2品质	——	3031	0	28	6	20	1,-1,100000|6,122,2|7,188,2	-1	-1	1	-1	1	1
321	20件装备升级至蓝色+3品质	——	3031	0	28	7	20	1,-1,100000|6,123,2|3,-1,1000	-1	-1	1	-1	1	1
322	20件装备升级至紫色品质	——	3031	0	28	8	20	1,-1,100000|6,124,2|18,-1,1000	-1	-1	1	-1	1	1
323	3件装备升级到1星	——	3031	0	29	1	3	1,-1,10000|6,223,1	-1	-1	1	-1	1	1
324	10件装备升级到1星	——	3031	0	29	1	10	1,-1,30000|6,223,1	-1	-1	1	-1	1	1
325	20件装备升级到1星	——	3031	0	29	1	20	1,-1,50000|6,223,1	-1	-1	1	-1	1	1
326	3件装备升级到2星	——	3031	0	29	2	3	1,-1,70000|6,223,1	-1	-1	1	-1	1	1
327	10件装备升级到2星	——	3031	0	29	2	10	1,-1,90000|6,223,1	-1	-1	1	-1	1	1
328	20件装备升级到2星	——	3031	0	29	2	20	1,-1,100000|6,223,1	-1	-1	1	-1	1	1
329	3件装备升级到3星	——	3031	0	29	3	3	1,-1,100000|6,223,1	-1	-1	1	-1	1	1
330	10件装备升级到3星	——	3031	0	29	3	10	1,-1,100000|6,223,1	-1	-1	1	-1	1	1
331	20件装备升级到3星	——	3031	0	29	3	20	1,-1,100000|6,223,2	-1	-1	1	-1	1	1
332	20件装备升级到4星	——	3031	0	29	4	20	1,-1,100000|6,223,2	-1	-1	1	-1	1	1
333	竞技积分达到6	——	3031	0	30	6	-1	3,-1,100|7,183,2	-1	-1	1	-1	1	1
334	竞技积分达到12	——	3031	0	30	12	-1	3,-1,200|7,183,2	-1	-1	1	-1	1	1
335	竞技积分达到24	——	3031	0	30	24	-1	3,-1,200|7,184,1	-1	-1	1	-1	1	1
336	竞技积分达到36	——	3031	0	30	36	-1	3,-1,300|7,184,1|34,-1,1	-1	-1	1	-1	1	1
337	竞技积分达到48	——	3031	0	30	48	-1	3,-1,300|7,184,1|34,-1,1	-1	-1	1	-1	1	1
338	竞技积分达到60	——	3031	0	30	60	-1	3,-1,400|7,185,1|34,-1,1	-1	-1	1	-1	1	1
339	竞技积分达到80	——	3031	0	30	80	-1	3,-1,800|7,185,1|34,-1,1	-1	-1	1	-1	1	1
340	竞技积分达到100	——	3031	0	30	100	-1	3,-1,1000|7,185,1|34,-1,1	-1	-1	1	-1	1	1
341	获得排名3000	——	3031	0	7	3000	-1	1,-1,5000|7,183,1|34,-1,1	-1	-1	1	-1	1	1
342	获得排名1000	——	3031	0	7	1000	-1	1,-1,8000|7,183,1|34,-1,1	-1	-1	1	-1	1	1
343	获得排名300	——	3031	0	7	300	-1	1,-1,20000|7,184,1|34,-1,1	-1	-1	1	-1	1	1
344	获得排名100	——	3031	0	7	100	-1	1,-1,30000|7,184,1|34,-1,1	-1	-1	1	-1	1	1
345	获得排名30	——	3031	0	7	30	-1	1,-1,50000|7,184,1|34,-1,1	-1	-1	1	-1	1	1
346	获得排名10	——	3031	0	7	10	-1	1,-1,60000|7,185,1|34,-1,1	-1	-1	1	-1	1	1
347	获得排名3	——	3031	0	7	3	-1	1,-1,80000|7,185,1|34,-1,1	-1	-1	1	-1	1	1
348	获得排名1	——	3031	0	7	1	-1	1,-1,100000|7,185,1|34,-1,1	-1	-1	1	-1	1	1
349	试炼积分达到3000	——	3031	0	31	3000	-1	18,-1,100|7,186,2|6,230,10	-1	-1	1	-1	1	1
350	试炼积分达到6000	——	3031	0	31	6000	-1	18,-1,200|7,186,2|6,230,10	-1	-1	1	-1	1	1
351	试炼积分达到10000	——	3031	0	31	10000	-1	18,-1,300|7,187,1|6,230,10	-1	-1	1	-1	1	1
352	试炼积分达到15000	——	3031	0	31	15000	-1	18,-1,400|7,187,1|6,230,20	-1	-1	1	-1	1	1
353	试炼积分达到20000	——	3031	0	31	20000	-1	18,-1,500|7,187,1|6,230,20	-1	-1	1	-1	1	1
354	试炼积分达到30000	——	3031	0	31	30000	-1	18,-1,800|7,188,1|6,230,20	-1	-1	1	-1	1	1
355	试炼积分达到50000	——	3031	0	31	50000	-1	18,-1,1500|7,188,1|6,230,30	-1	-1	1	-1	1	1
356	试炼积分达到100000	——	3031	0	31	100000	-1	18,-1,3000|7,188,1|6,230,50	-1	-1	1	-1	1	1
357	试炼通过6层	——	3031	0	32	6	-1	1,-1,10000|7,187,1|6,230,10	-1	-1	1	-1	1	1
358	试炼通过12层	——	3031	0	32	12	-1	1,-1,20000|7,187,1|6,230,10	-1	-1	1	-1	1	1
359	试炼通过20层	——	3031	0	32	20	-1	1,-1,30000|7,187,1|6,230,10	-1	-1	1	-1	1	1
360	试炼通过30层	——	3031	0	32	30	-1	1,-1,40000|7,188,1|6,230,15	-1	-1	1	-1	1	1
361	试炼通过40层	——	3031	0	32	40	-1	1,-1,80000|7,188,1|6,230,20	-1	-1	1	-1	1	1
362	试炼通过50层	——	3031	0	32	50	-1	1,-1,100000|7,188,1|6,230,30	-1	-1	1	-1	1	1
363	全目标奖励	——	3031	0	33	10	100	6,14,10	-1	364	1	-1	1	1
364	全目标奖励	——	3031	0	33	20	100	6,14,20	363	365	1	-1	1	1
365	全目标奖励	——	3031	0	33	30	100	6,14,30	364	366	1	-1	1	1
366	全目标奖励	——	3031	0	33	40	100	6,14,40	365	367	1	-1	1	1
367	全目标奖励	——	3031	0	33	50	100	6,14,50	366	368	1	-1	1	1
368	全目标奖励	——	3031	0	33	60	100	6,14,60	367	369	1	-1	1	1
369	全目标奖励	——	3031	0	33	70	100	6,14,70	368	370	1	-1	1	1
370	全目标奖励	——	3031	0	33	80	100	6,14,80	369	371	1	-1	1	1
371	全目标奖励	——	3031	0	33	90	100	6,14,90	370	372	1	-1	1	1
372	全目标奖励	——	3031	0	33	100	100	6,14,100	371	-1	1	-1	1	1
373	等级达到35级	——	3031	0	0	35	-1	-1	-1	-1	1	288	1	2
374	活动关卡战斗2次	——	3031	3	5	2	-1	-1	-1	-1	1	290	1	2
375	金币消耗1000000	——	3031	3	6	1000000	-1	-1	-1	-1	1	291	1	2
376	购买体力5次	——	3031	3	7	5	-1	-1	-1	-1	1	293	1	2
377	技能升级50次	——	3031	3	8	50	-1	-1	-1	-1	1	287	1	2
378	竞技场战斗8次	——	3031	3	9	8	-1	-1	-1	-1	1	297	1	2
379	试炼层数达到50	——	3031	0	32	50	-1	-1	-1	-1	1	298	1	2
380	点金5次	——	3031	3	11	5	-1	-1	-1	-1	1	292	1	2
381	公会发红包1次	——	3031	3	12	1	-1	-1	-1	-1	1	393	1	2
382	公会抢红包1次	——	3031	3	13	1	-1	-1	-1	-1	1	393	1	2
383	累计消耗600钻石	——	3031	3	14	600	-1	-1	-1	-1	1	291	1	2
384	充值600钻石	——	3031	3	15	600	-1	-1	-1	-1	1	394	1	2
385	茄子Berenjena	战队等级达到54	3031	0	0	54	-1	-1	-1	-1	1	-1	1	3
386	茄子Berenjena	拥有6个紫色品质数码兽	3031	0	25	8	6	-1	-1	-1	1	-1	1	3
387	茄子Berenjena	关卡得星达到300	3031	0	34	300	-1	-1	-1	-1	1	-1	1	3
388	茄子Berenjena	收集数码兽总数达到10	3031	0	26	10	-1	-1	-1	-1	1	-1	1	3
389	茄子Berenjena	需通关主线关卡12-10	3031	1	107	1	-1	-1	-1	-1	1	-1	1	3
390	娜扎尔之爪	战队等级达到61	3031	0	0	61	-1	-1	-1	-1	1	-1	1	3
391	娜扎尔之爪	拥有6个紫+3品质数码兽	3031	0	25	11	6	-1	-1	-1	1	-1	1	3
392	娜扎尔之爪	关卡得星数达到360	3031	0	34	360	-1	-1	-1	-1	1	-1	1	3
393	娜扎尔之爪	收集数码兽总数达到14	3031	0	26	14	-1	-1	-1	-1	1	-1	1	3
394	娜扎尔之爪	累计消耗5000钻	3031	3	14	5000	-1	-1	-1	-1	1	-1	1	3
395	伊甸园标枪	战队等级达到68	3031	0	0	68	-1	-1	-1	-1	1	-1	1	3
396	伊甸园标枪	拥有6个橙色品质数码兽	3031	0	25	13	6	-1	-1	-1	1	-1	1	3
397	伊甸园标枪	关卡得星达到450	3031	0	34	450	-1	-1	-1	-1	1	-1	1	3
398	伊甸园标枪	收集数码兽总数达到18	3031	0	26	18	-1	-1	-1	-1	1	-1	1	3
399	伊甸园标枪	获得一个6星数码兽	3031	0	27	6	1	-1	-1	-1	1	-1	1	3
400	圣剑Excalibur	战队等级达到75	3031	0	0	75	-1	-1	-1	-1	1	-1	1	3
401	圣剑Excalibur	拥有6个橙+1品质数码兽	3031	0	25	14	6	-1	-1	-1	1	-1	1	3
402	圣剑Excalibur	关卡得星达到500	3031	0	34	500	-1	-1	-1	-1	1	-1	1	3
403	圣剑Excalibur	收集数码兽总数达到22	3031	0	26	22	-1	-1	-1	-1	1	-1	1	3
404	圣剑Excalibur	拥有加鲁鲁兽	3031	0	35	18	-1	-1	-1	-1	1	-1	1	3
405	圣枪格拉姆	战队等级达到82	3031	0	0	82	-1	-1	-1	-1	1	-1	1	3
406	圣枪格拉姆	拥有6个橙+2品质数码兽	3031	0	25	15	6	-1	-1	-1	1	-1	1	3
407	圣枪格拉姆	关卡得星达到800	3031	0	34	800	-1	-1	-1	-1	1	-1	1	3
408	圣枪格拉姆	收集数码兽达到30	3031	0	26	30	-1	-1	-1	-1	1	-1	1	3
409	圣枪格拉姆	获得一个7星数码兽	3031	0	27	7	1	-1	-1	-1	1	-1	1	3
410	——	通关主线2-8	3031	1	11	1	-1	1,-1,10000|6,69,1|6,70,1|6,71,1	-1	411	1	3,3|9,288	1	4
411	——	战力达到3500	3031	0	13	3500	-1	1,-1,10000|6,69,1|6,70,1|6,71,1	410	412	1	2,2|5,285:6,286:7,287:8,392	1	4
412	——	通关主线3-8	3031	1	19	1	-1	1,-1,10000|6,72,3|6,73,3|6,74,3	411	413	1	3,3|9,288	1	4
413	——	挑战1次竞技场	3031	3	9	1	-1	1,-1,10000|6,72,3|6,73,3|6,74,3	412	414	1	7,7|13,297	1	4
414	——	战力达到5000	3031	0	13	5000	-1	1,-1,10000|6,72,3|6,73,3|6,74,3	413	415	1	2,2|5,285:6,286:7,287:8,392	1	4
415	——	通关精英1-3	3031	1	490	1	-1	1,-1,10000|6,117,1	414	416	1	4,4|10,289	1	4
416	——	进行1次点金手	3031	3	11	1	-1	1,-1,10000|6,117,1	415	417	1	5,5|11,292	1	4
417	——	添加1个好友	3031	3	18	1	-1	1,-1,10000|6,117,1	416	418	1	6,6|12,377	1	4
418	——	通关主线4-4	3031	1	23	1	-1	1,-1,10000|6,117,1	417	419	1	3,3|9,288	1	4
419	——	加入1个公会	3031	3	17	1	-1	1,-1,10000|6,117,1	418	420	1	9,9|15,390	1	4
420	——	拥有5个数码兽	3031	0	26	5	-1	1,-1,10000|6,117,1	419	421	1	1,1|1,391:2,296:3,291:4,298	1	4
421	——	通关主线4-8	3031	1	27	1	-1	1,-1,10000|6,72,6|6,73,6|6,74,6	420	422	1	3,3|9,288	1	4
422	——	开启1次数码试炼宝箱	3031	3	16	1	-1	1,-1,10000|6,72,6|6,73,6|6,74,6	421	423	1	8,8|14,298	1	4
423	——	战力达到8000	3031	0	13	8000	-1	1,-1,10000|6,72,6|6,73,6|6,74,6	422	424	1	2,2|5,285:6,286:7,287:8,392	1	4
424	——	通关精英2-4	3031	1	494	1	-1	1,-1,10000|6,118,1	423	425	1	4,4|10,289	1	4
425	——	战力达到10000	3031	0	13	10000	-1	1,-1,10000|6,118,1	424	426	1	2,2|5,285:6,286:7,287:8,392	1	4
426	——	通关精英3-4	3031	1	498	1	-1	1,-1,10000|6,118,1	425	427	1	4,4|10,289	1	4
427	——	战力达到12000	3031	0	13	12000	-1	1,-1,10000|6,118,1	426	428	1	2,2|5,285:6,286:7,287:8,392	1	4
428	——	通关主线5-10	3031	1	37	1	-1	1,-1,10000|6,75,18|6,76,6|6,77,6	427	429	1	3,3|9,288	1	4
429	——	战力达到14000	3031	0	13	14000	-1	1,-1,10000|6,75,6|6,76,6|6,77,18	428	430	1	2,2|5,285:6,286:7,287:8,392	1	4
430	——	通关精英4-4	3031	1	502	1	-1	1,-1,10000|6,119,1	429	431	1	4,4|10,289	1	4
431	——	战力达到16000	3031	0	13	16000	-1	1,-1,10000|6,119,1	430	432	1	2,2|5,285:6,286:7,287:8,392	1	4
432	——	通关主线6-10	3031	1	47	1	-1	1,-1,10000|6,119,1	431	433	1	3,3|9,288	1	4
433	——	战力达到20000	3031	0	13	20000	-1	1,-1,10000|6,119,1	432	434	1	2,2|5,285:6,286:7,287:8,392	1	4
434	——	通关精英5-5	3031	1	507	1	-1	1,-1,10000|6,120,2	433	435	1	4,4|10,289	1	4
435	——	战力达到25000	3031	0	13	25000	-1	1,-1,10000|6,120,2	434	436	1	2,2|5,285:6,286:7,287:8,392	1	4
436	——	通关精英6-5	3031	1	512	1	-1	1,-1,10000|6,120,2	435	437	1	4,4|10,289	1	4
437	——	战力达到28000	3031	0	13	28000	-1	1,-1,10000|6,120,2	436	438	1	2,2|5,285:6,286:7,287:8,392	1	4
438	——	通关主线7-10	3031	1	57	1	-1	1,-1,10000|6,78,24|6,79,8|6,80,8	437	439	1	3,3|9,288	1	4
439	——	战力达到30000	3031	0	13	30000	-1	1,-1,10000|6,78,8|6,79,8|6,80,24	438	440	1	2,2|5,285:6,286:7,287:8,392	1	4
440	——	通关精英7-5	3031	1	517	1	-1	1,-1,10000|6,122,2	439	441	1	4,4|10,289	1	4
441	——	战力达到33000	3031	0	13	33000	-1	1,-1,10000|6,122,2	440	442	1	2,2|5,285:6,286:7,287:8,392	1	4
442	——	通关主线8-10	3031	1	67	1	-1	1,-1,10000|6,78,20|6,79,20|6,80,20	441	443	1	3,3|9,288	1	4
443	——	战力达到36000	3031	0	13	36000	-1	1,-1,10000|6,78,20|6,79,20|6,80,20	442	444	1	2,2|5,285:6,286:7,287:8,392	1	4
444	——	通关精英8-5	3031	1	522	1	-1	1,-1,10000|6,122,3	443	445	1	4,4|10,289	1	4
445	——	战力达到40000	3031	0	13	40000	-1	1,-1,10000|6,122,3	444	446	1	2,2|5,285:6,286:7,287:8,392	1	4
446	——	通关主线9-10	3031	1	77	1	-1	1,-1,10000|6,78,20|6,79,20|6,80,20	445	447	1	3,3|9,288	1	4
447	——	战力达到45000	3031	0	13	45000	-1	1,-1,10000|6,78,20|6,79,20|6,80,20	446	448	1	2,2|5,285:6,286:7,287:8,392	1	4
448	——	通关精英9-5	3031	1	527	1	-1	1,-1,10000|6,123,3	447	449	1	4,4|10,289	1	4
449	——	战力达到48000	3031	0	13	48000	-1	1,-1,10000|6,123,3	448	450	1	2,2|5,285:6,286:7,287:8,392	1	4
450	——	通关主线10-10	3031	1	87	1	-1	1,-1,10000|6,81,30|6,82,30|6,83,30	449	451	1	3,3|9,288	1	4
451	——	战力达到50000	3031	0	13	50000	-1	1,-1,10000|6,81,60|6,82,60|6,83,60	450	452	1	2,2|5,285:6,286:7,287:8,392	1	4
452	——	通关精英10-5	3031	1	532	1	-1	1,-1,10000|6,124,3	451	453	1	4,4|10,289	1	4
453	——	战力达到55000	3031	0	13	55000	-1	1,-1,10000|6,124,3	452	454	1	2,2|5,285:6,286:7,287:8,392	1	4
454	——	通关主线11-10	3031	1	97	1	-1	1,-1,10000|6,81,30|6,82,30|6,83,30	453	455	1	3,3|9,288	1	4
455	——	战力达到60000	3031	0	13	60000	-1	1,-1,10000|6,81,60|6,82,60|6,83,60	454	456	1	2,2|5,285:6,286:7,287:8,392	1	4
456	——	通关精英11-5	3031	1	537	1	-1	1,-1,10000|6,125,3	455	457	1	4,4|10,289	1	4
457	——	战力达到65000	3031	0	13	65000	-1	1,-1,10000|6,125,3	456	458	1	2,2|5,285:6,286:7,287:8,392	1	4
458	——	通关主线12-10	3031	1	107	1	-1	1,-1,10000|6,84,60|6,85,60|6,86,60	457	459	1	3,3|9,288	1	4
459	——	战力达到70000	3031	0	13	70000	-1	1,-1,10000|6,84,100|6,85,100|6,86,100	458	460	1	2,2|5,285:6,286:7,287:8,392	1	4
460	——	通关精英12-5	3031	1	542	1	-1	1,-1,10000|6,126,3	459	461	1	4,4|10,289	1	4
461	——	战力达到75000	3031	0	13	75000	-1	1,-1,10000|6,126,3	460	462	1	2,2|5,285:6,286:7,287:8,392	1	4
462	——	通关主线13-10	3031	1	117	1	-1	1,-1,10000|6,84,60|6,85,60|6,86,60	461	463	1	3,3|9,288	1	4
463	——	战力达到80000	3031	0	13	80000	-1	1,-1,10000|6,84,100|6,85,100|6,86,100	462	464	1	2,2|5,285:6,286:7,287:8,392	1	4
464	——	通关精英13-5	3031	1	547	1	-1	1,-1,10000|6,127,3	463	465	1	4,4|10,289	1	4
465	——	战力达到90000	3031	0	13	90000	-1	1,-1,10000|6,127,3	464	466	1	2,2|5,285:6,286:7,287:8,392	1	4
466	——	通关主线14-10	3031	1	127	1	-1	1,-1,10000|6,87,60|6,88,60|6,89,60	465	467	1	3,3|9,288	1	4
467	——	战力达到100000	3031	0	13	100000	-1	1,-1,10000|6,87,100|6,88,100|6,89,100	466	468	1	2,2|5,285:6,286:7,287:8,392	1	4
468	——	通关精英14-5	3031	1	552	1	-1	1,-1,10000|6,128,3	467	469	1	4,4|10,289	1	4
469	——	战力达到120000	3031	0	13	120000	-1	1,-1,10000|6,128,3	468	470	1	2,2|5,285:6,286:7,287:8,392	1	4
470	——	通关主线15-10	3031	1	137	1	-1	1,-1,10000|6,87,60|6,88,60|6,89,60	469	471	1	3,3|9,288	1	4
471	——	战力达到140000	3031	0	13	140000	-1	1,-1,10000|6,87,100|6,88,100|6,89,100	470	472	1	2,2|5,285:6,286:7,287:8,392	1	4
472	——	通关精英15-5	3031	1	557	1	-1	1,-1,10000|6,129,3	471	473	1	4,4|10,289	1	4
473	——	战力达到180000	3031	0	13	180000	-1	1,-1,10000|6,129,3	472	474	1	2,2|5,285:6,286:7,287:8,392	1	4
474	——	通关主线16-10	3031	1	147	1	-1	1,-1,10000|6,90,100|6,91,100|6,92,100	473	475	1	3,3|9,288	1	4
475	——	战力达到220000	3031	0	13	220000	-1	1,-1,10000|6,90,100|6,91,100|6,92,100	474	476	1	2,2|5,285:6,286:7,287:8,392	1	4
476	——	通关精英16-5	3031	1	562	1	-1	1,-1,10000|6,130,4	475	477	1	4,4|10,289	1	4
477	——	战力达到250000	3031	0	13	250000	-1	1,-1,10000|6,130,4	476	478	1	2,2|5,285:6,286:7,287:8,392	1	4
478	——	通关主线17-10	3031	1	157	1	-1	1,-1,10000|6,90,100|6,91,100|6,92,100	477	479	1	3,3|9,288	1	4
479	——	战力达到300000	3031	0	13	300000	-1	1,-1,10000|6,90,100|6,91,100|6,92,100	478	480	1	2,2|5,285:6,286:7,287:8,392	1	4
480	——	通关精英17-5	3031	1	567	1	-1	1,-1,10000|6,131,4	479	481	1	4,4|10,289	1	4
481	——	战力达到800000	3031	0	13	800000	-1	1,-1,10000|6,131,4	480	482	1	2,2|5,285:6,286:7,287:8,392	1	4
482	——	通关主线18-10	3031	1	167	1	-1	1,-1,10000|2,-1,10	481	483	1	3,3|9,288	1	4
483	——	战力达到1000000	3031	0	13	1000000	-1	1,-1,10000|2,-1,10	482	484	1	2,2|5,285:6,286:7,287:8,392	1	4
484	——	通关精英18-5	3031	1	572	1	-1	1,-1,10000|2,-1,10	483	485	1	4,4|10,289	1	4
485	——	战力达到1200000	3031	0	13	1200000	-1	1,-1,10000|2,-1,10	484	486	1	2,2|5,285:6,286:7,287:8,392	1	4
486	——	战力达到1300000	3031	0	13	1300000	-1	1,-1,10000|2,-1,10	485	487	1	2,2|5,285:6,286:7,287:8,392	1	4
487	——	战力达到1400000	3031	0	13	1400000	-1	1,-1,10000|2,-1,10	486	488	1	2,2|5,285:6,286:7,287:8,392	1	4
488	——	战力达到1500000	3031	0	13	1500000	-1	1,-1,10000|2,-1,10	487	489	1	2,2|5,285:6,286:7,287:8,392	1	4
489	——	战力达到1600000	3031	0	13	1600000	-1	1,-1,10000|2,-1,10	488	490	1	2,2|5,285:6,286:7,287:8,392	1	4
490	——	战力达到1700000	3031	0	13	1700000	-1	1,-1,10000|2,-1,10	489	491	1	2,2|5,285:6,286:7,287:8,392	1	4
491	——	战力达到1800000	3031	0	13	1800000	-1	1,-1,10000|2,-1,10	490	492	1	2,2|5,285:6,286:7,287:8,392	1	4
492	——	战力达到1900000	3031	0	13	1900000	-1	1,-1,10000|2,-1,10	491	493	1	2,2|5,285:6,286:7,287:8,392	1	4
493	——	战力达到2000000	3031	0	13	2000000	-1	1,-1,10000|2,-1,10	492	494	1	2,2|5,285:6,286:7,287:8,392	1	4
494	——	战力达到2100000	3031	0	13	2100000	-1	1,-1,10000|2,-1,10	493	495	1	2,2|5,285:6,286:7,287:8,392	1	4
495	——	战力达到2200000	3031	0	13	2200000	-1	1,-1,10000|2,-1,10	494	496	1	2,2|5,285:6,286:7,287:8,392	1	4
496	——	战力达到2300000	3031	0	13	2300000	-1	1,-1,10000|2,-1,10	495	497	1	2,2|5,285:6,286:7,287:8,392	1	4
497	——	战力达到2400000	3031	0	13	2400000	-1	1,-1,10000|2,-1,10	496	498	1	2,2|5,285:6,286:7,287:8,392	1	4
498	——	战力达到2500000	3031	0	13	2500000	-1	1,-1,10000|2,-1,10	497	499	1	2,2|5,285:6,286:7,287:8,392	1	4
499	——	战力达到2600000	3031	0	13	2600000	-1	1,-1,10000|2,-1,10	498	500	1	2,2|5,285:6,286:7,287:8,392	1	4
500	——	战力达到2700000	3031	0	13	2700000	-1	1,-1,10000|2,-1,10	499	501	1	2,2|5,285:6,286:7,287:8,392	1	4
501	——	战力达到2800000	3031	0	13	2800000	-1	1,-1,10000|2,-1,10	500	502	1	2,2|5,285:6,286:7,287:8,392	1	4
502	——	战力达到2900000	3031	0	13	2900000	-1	1,-1,10000|2,-1,10	501	503	1	2,2|5,285:6,286:7,287:8,392	1	4
503	——	战力达到3000000	3031	0	13	3000000	-1	1,-1,10000|2,-1,10	502	504	1	2,2|5,285:6,286:7,287:8,392	1	4
504	——	战力达到3100000	3031	0	13	3100000	-1	1,-1,10000|2,-1,10	503	505	1	2,2|5,285:6,286:7,287:8,392	1	4
505	——	战力达到3200000	3031	0	13	3200000	-1	1,-1,10000|2,-1,10	504	506	1	2,2|5,285:6,286:7,287:8,392	1	4
506	——	战力达到3300000	3031	0	13	3300000	-1	1,-1,10000|2,-1,10	505	507	1	2,2|5,285:6,286:7,287:8,392	1	4
507	——	战力达到3400000	3031	0	13	3400000	-1	1,-1,10000|2,-1,10	506	508	1	2,2|5,285:6,286:7,287:8,392	1	4
508	——	战力达到3500000	3031	0	13	3500000	-1	1,-1,10000|2,-1,10	507	509	1	2,2|5,285:6,286:7,287:8,392	1	4
509	——	战力达到3600000	3031	0	13	3600000	-1	1,-1,10000|2,-1,10	508	510	1	2,2|5,285:6,286:7,287:8,392	1	4
510	——	战力达到3700000	3031	0	13	3700000	-1	1,-1,10000|2,-1,10	509	511	1	2,2|5,285:6,286:7,287:8,392	1	4
511	——	战力达到3800000	3031	0	13	3800000	-1	1,-1,10000|2,-1,10	510	512	1	2,2|5,285:6,286:7,287:8,392	1	4
512	——	战力达到3900000	3031	0	13	3900000	-1	1,-1,10000|2,-1,10	511	513	1	2,2|5,285:6,286:7,287:8,392	1	4
513	——	战力达到4000000	3031	0	13	4000000	-1	1,-1,10000|2,-1,10	512	514	1	2,2|5,285:6,286:7,287:8,392	1	4
514	——	战力达到4100000	3031	0	13	4100000	-1	1,-1,10000|2,-1,10	513	515	1	2,2|5,285:6,286:7,287:8,392	1	4
515	——	战力达到4200000	3031	0	13	4200000	-1	1,-1,10000|2,-1,10	514	516	1	2,2|5,285:6,286:7,287:8,392	1	4
516	——	战力达到4300000	3031	0	13	4300000	-1	1,-1,10000|2,-1,10	515	517	1	2,2|5,285:6,286:7,287:8,392	1	4
517	——	战力达到4400000	3031	0	13	4400000	-1	1,-1,10000|2,-1,10	516	518	1	2,2|5,285:6,286:7,287:8,392	1	4
518	——	战力达到4500000	3031	0	13	4500000	-1	1,-1,10000|2,-1,10	517	519	1	2,2|5,285:6,286:7,287:8,392	1	4
519	——	战力达到4600000	3031	0	13	4600000	-1	1,-1,10000|2,-1,10	518	520	1	2,2|5,285:6,286:7,287:8,392	1	4
520	——	战力达到4700000	3031	0	13	4700000	-1	1,-1,10000|2,-1,10	519	521	1	2,2|5,285:6,286:7,287:8,392	1	4
521	——	战力达到4800000	3031	0	13	4800000	-1	1,-1,10000|2,-1,10	520	522	1	2,2|5,285:6,286:7,287:8,392	1	4
522	——	战力达到4900000	3031	0	13	4900000	-1	1,-1,10000|2,-1,10	521	523	1	2,2|5,285:6,286:7,287:8,392	1	4
523	——	战力达到5000000	3031	0	13	5000000	-1	1,-1,10000|2,-1,10	522	524	1	2,2|5,285:6,286:7,287:8,392	1	4
524	——	战力达到5100000	3031	0	13	5100000	-1	1,-1,10000|2,-1,10	523	525	1	2,2|5,285:6,286:7,287:8,392	1	4
525	——	战力达到5200000	3031	0	13	5200000	-1	1,-1,10000|2,-1,10	524	526	1	2,2|5,285:6,286:7,287:8,392	1	4
526	——	战力达到5300000	3031	0	13	5300000	-1	1,-1,10000|2,-1,10	525	527	1	2,2|5,285:6,286:7,287:8,392	1	4
527	——	战力达到5400000	3031	0	13	5400000	-1	1,-1,10000|2,-1,10	526	528	1	2,2|5,285:6,286:7,287:8,392	1	4
528	——	战力达到5500000	3031	0	13	5500000	-1	1,-1,10000|2,-1,10	527	529	1	2,2|5,285:6,286:7,287:8,392	1	4
529	——	战力达到5600000	3031	0	13	5600000	-1	1,-1,10000|2,-1,10	528	530	1	2,2|5,285:6,286:7,287:8,392	1	4
530	——	战力达到5700000	3031	0	13	5700000	-1	1,-1,10000|2,-1,10	529	531	1	2,2|5,285:6,286:7,287:8,392	1	4
531	——	战力达到5800000	3031	0	13	5800000	-1	1,-1,10000|2,-1,10	530	532	1	2,2|5,285:6,286:7,287:8,392	1	4
532	——	战力达到5900000	3031	0	13	5900000	-1	1,-1,10000|2,-1,10	531	533	1	2,2|5,285:6,286:7,287:8,392	1	4
533	——	战力达到6000000	3031	0	13	6000000	-1	1,-1,10000|2,-1,10	532	534	1	2,2|5,285:6,286:7,287:8,392	1	4
534	——	战力达到6100000	3031	0	13	6100000	-1	1,-1,10000|2,-1,10	533	535	1	2,2|5,285:6,286:7,287:8,392	1	4
535	——	战力达到6200000	3031	0	13	6200000	-1	1,-1,10000|2,-1,10	534	536	1	2,2|5,285:6,286:7,287:8,392	1	4
536	——	战力达到6300000	3031	0	13	6300000	-1	1,-1,10000|2,-1,10	535	537	1	2,2|5,285:6,286:7,287:8,392	1	4
537	——	战力达到6400000	3031	0	13	6400000	-1	1,-1,10000|2,-1,10	536	538	1	2,2|5,285:6,286:7,287:8,392	1	4
538	——	战力达到6500000	3031	0	13	6500000	-1	1,-1,10000|2,-1,10	537	539	1	2,2|5,285:6,286:7,287:8,392	1	4
539	——	战力达到6600000	3031	0	13	6600000	-1	1,-1,10000|2,-1,10	538	540	1	2,2|5,285:6,286:7,287:8,392	1	4
540	——	战力达到6700000	3031	0	13	6700000	-1	1,-1,10000|2,-1,10	539	541	1	2,2|5,285:6,286:7,287:8,392	1	4
541	——	战力达到6800000	3031	0	13	6800000	-1	1,-1,10000|2,-1,10	540	542	1	2,2|5,285:6,286:7,287:8,392	1	4
542	——	战力达到6900000	3031	0	13	6900000	-1	1,-1,10000|2,-1,10	541	543	1	2,2|5,285:6,286:7,287:8,392	1	4
543	——	战力达到7000000	3031	0	13	7000000	-1	1,-1,10000|2,-1,10	542	544	1	2,2|5,285:6,286:7,287:8,392	1	4
544	——	战力达到7100000	3031	0	13	7100000	-1	1,-1,10000|2,-1,10	543	545	1	2,2|5,285:6,286:7,287:8,392	1	4
545	——	战力达到7200000	3031	0	13	7200000	-1	1,-1,10000|2,-1,10	544	546	1	2,2|5,285:6,286:7,287:8,392	1	4
546	——	战力达到7300000	3031	0	13	7300000	-1	1,-1,10000|2,-1,10	545	547	1	2,2|5,285:6,286:7,287:8,392	1	4
547	——	战力达到7400000	3031	0	13	7400000	-1	1,-1,10000|2,-1,10	546	548	1	2,2|5,285:6,286:7,287:8,392	1	4
548	——	战力达到7500000	3031	0	13	7500000	-1	1,-1,10000|2,-1,10	547	549	1	2,2|5,285:6,286:7,287:8,392	1	4
549	充值300钻石	——	3031	3	15	300	-1	-1	-1	-1	1	394	1	5
550	消耗200W金币	——	3031	3	6	2000000	-1	-1	-1	-1	1	291	1	5
551	数码兽升星1次	——	3031	3	19	1	-1	-1	-1	-1	1	395	1	5
552	主线关卡挑战80次	——	3031	3	20	80	-1	-1	-1	-1	1	288	1	5
553	精英关卡挑战40次	——	3031	3	21	40	-1	-1	-1	-1	1	289	1	5
554	试炼层数达到55层	——	3031	0	32	55	-1	-1	-1	-1	1	298	1	5
555	竞技场战斗10次	——	3031	3	9	10	-1	-1	-1	-1	1	297	1	5
556	斗魂升级3次	——	3031	3	22	3	-1	-1	-1	-1	1	396	1	5
557	购买体力5次	——	3031	3	7	5	-1	-1	-1	-1	1	293	1	5
558	数码净化挑战3次	——	3031	3	23	3	-1	-1	-1	-1	1	299	1	5
559	数码兽进阶2次	——	3031	3	24	2	-1	-1	-1	-1	1	286	1	5
560	累计消耗600钻石	——	3031	3	14	600	-1	-1	-1	-1	1	291	1	5
