1	1	3战斗开始	1196v1	0否	0	0	0	0	-2	-1	1战斗事件	15开始战斗	0	1	0	0	0	0	0	0	0	0	0	0	0	0	0	0	0	0	0
1	2	3战斗开始	1196v1	0否	0	0	0	0	1001	-1	1战斗事件	10播放音效	0	33	0	0	0	0	0	0	0	0	0	0	0	0	0	0	0	0	0
1	3	3战斗开始	1196v1	0否	0	0	0	0	-2	-1	1战斗事件	5在当前场景背景上面绘制光效	0	sprite/juqing1	0	0	1	WarshipGirlPushInfoClass	0	1	animation	1	0	0	0	0	0.5	0.5	0	0	0
1	4	3战斗开始	1196v1	0否	0	0	0	0	1002	-1	1战斗事件	28执行脚本	0	state_machine.excute("fight_loading_execute_mission",0,0)	0	0	0	0	0	0	0	0	0	0	0	0	0	0	0	0	0
1	5	3战斗开始	1196v1	0否	0	0	0	0	-2	-1	1战斗事件	28执行脚本	0	state_machine.excute("fight_ui_hide_mission_ui_control",0,0)	0	0	0	0	0	0	0	0	0	0	0	0	0	0	0	0	0
1	6	3战斗开始	1196v1	0否	0	0	0	0	-2	-1	1战斗事件	7对话	0	0	3	0	八神太一	好，大家！最终决战到了！	0	0	0	1217	0	0	0	0	0	0	0	0	0
1	7	3战斗开始	1196v1	0否	0	0	0	0	-2	-1	1战斗事件	7对话	0	1	3	100904	小丑皇	真有趣！把你们统统都干掉吧！	0	0	0	1218	0	0	0	0	0	0	0	0	0
1	8	3战斗开始	1196v1	0否	0	0	0	0	1003	-1	1战斗事件	47禁用战斗切场动画	0	1	0	0	0	0	0	0	0	0	0	0	0	0	0	0	0	0	0
1	9	3战斗开始	1196v1	0否	0	0	0	0	-2	-1	1战斗事件	28执行脚本	0	state_machine.excute("fight_ui_hide_mission_ui_control",0,0)	0	0	0	0	0	0	0	0	0	0	0	0	0	0	0	0	0
1	10	3战斗开始	1196v1	0否	0	0	0	0	-2	-1	1战斗事件	28执行脚本	0	state_machine.excute("fight_module_frf_change",0,1) 	0	0	0	0	0	0	0	0	0	0	0	0	0	0	0	0	0
1	11	3战斗开始	1196v1	0否	0	0	0	0	-2	-1	1战斗事件	28执行脚本	0	state_machine.excute("fight_role_controller_select_target_effect_visible", 0, false)	0	0	0	0	0	0	0	0	0	0	0	0	0	0	0	0	0
1	12	3战斗开始	1196v1	0否	0	0	0	0	-2	-1	1战斗事件	35增加角色怒气	0	0	1	1000	0	0	0	0	0	0	0	0	0	0	0	0	0	0	0
1	13	3战斗开始	1196v1	0否	0	0	0	0	-2	-1	1战斗事件	3点击UI	0	FightQTEControllerClass	ListView_battle_head	6	0|Panel_head_role_xy	0	250,100	滑动头像释放必杀技&#13;&#10;%|4|超大角炮%！	0	0	0	0	0	0	1	0	state_machine.excute("fight_qte_controller_update_role_cell_state", 0, {"root_lock", {1,2,3,4,5}, "root_active", {6}})	2	0
1	14	3战斗开始	1196v1	0否	0	0	0	0	1004	-1	1战斗事件	33战斗暂停	0	0	0	0	0	0	0	0	0	0	0	0	0	0	0	0	0	0	0
1	15	3战斗开始	1196v1	0否	0	0	0	0	-2	-1	1战斗事件	35增加角色怒气	0	0	2	1000	0	0	0	0	0	0	0	0	0	0	0	0	0	0	0
1	16	3战斗开始	1196v1	0否	0	0	0	0	-2	-1	1战斗事件	3点击UI	0	FightQTEControllerClass	ListView_battle_head	5	0|Panel_head_role_xy	0	140,100	滑动头像释放&#13;&#10;祖顿兽的%|4|重锤火花%！	0	0	0	0	0	0	1	0	state_machine.excute("fight_qte_controller_update_role_cell_state", 0, {"root_lock", {1,2,3,4,6}, "root_active", {5}})	2	0
1	17	3战斗开始	1196v1	0否	0	0	0	0	1005	-1	1战斗事件	33战斗暂停	0	0	0	0	0	0	0	0	0	0	0	0	0	0	0	0	0	0	0
1	18	3战斗开始	1196v1	0否	0	0	0	0	-2	-1	1战斗事件	35增加角色怒气	0	0	3	1000	0	0	0	0	0	0	0	0	0	0	0	0	0	0	0
1	19	3战斗开始	1196v1	0否	0	0	0	0	-2	-1	1战斗事件	3点击UI	0	FightQTEControllerClass	ListView_battle_head	4	0|Panel_head_role_xy	0	10,100	滑动头像释放&#13;&#10;伽楼达兽的%|4|影翼斩%！	0	0	0	0	0	0	1	0	state_machine.excute("fight_qte_controller_update_role_cell_state", 0, {"root_lock", {1,2,3,5,6}, "root_active", {4}})	2	0
1	20	3战斗开始	1196v1	0否	0	0	0	0	1006	-1	1战斗事件	28执行脚本	0	state_machine.excute("fight_qte_controller_update_role_cell_state", 0, {"root_active", {1,2,3,4,5,6}})	0	0	0	0	0	0	0	0	0	0	0	0	0	0	0	0	0
1	21	3战斗开始	1196v1	0否	0	0	0	0	-2	-1	1战斗事件	33战斗暂停	0	0	0	0	0	0	0	0	0	0	0	0	0	0	0	0	0	0	0
1	22	3战斗开始	1196v1	0否	0	0	0	0	-2	-1	1战斗事件	7对话	0	1	0	100904	小丑皇	别太得意，被选召的孩子们………让你们看看我们真正的力量！	0	0	0	1219	0	0	0	0	0	0	0	0	0
1	23	3战斗开始	1196v1	0否	0	0	0	0	1007	-1	1战斗事件	50变改角色出手状态	0	1,2,3,4,5,6	1	0	0	0	0	0	0	0	0	0	0	0	0	0	0	0	0
1	24	3战斗开始	1196v1	0否	0	0	0	0	-2	-1	1战斗事件	34战斗继续	0	0	0	0	0	0	0	0	0	0	0	0	0	0	0	0	0	0	0
1	25	3战斗开始	1196v1	0否	0	0	0	0	1008	-1	1战斗事件	7对话	7	0	3	0	八神太一	死心吧，小丑皇！	0	0	0	1220	0	0	0	0	0	0	0	0	0
1	26	3战斗开始	1196v1	0否	0	0	0	0	-2	-1	1战斗事件	7对话	7	0	3	0	八神太一	我们还有最后的王牌！是吧，亚古兽！	0	0	0	1221	0	0	0	0	0	0	0	0	0
1	27	3战斗开始	1196v1	0否	0	0	0	0	-2	-1	1战斗事件	7对话	7	1	3	11	石田大和	加布兽，拜托了！	0	0	0	1222	0	0	0	0	0	0	0	0	0
1	28	3战斗开始	1196v1	0否	0	0	0	0	1009	-1	1战斗事件	28执行脚本	7	state_machine.excute("fight_role_controller_visible_formation",0,{0,"4,6",0})	0	0	0	0	0	0	0	0	0	0	0	0	0	0	0	0	0
1	29	3战斗开始	1196v1	0否	0	0	0	0	-2	-1	1战斗事件	48变更战斗角色	7	0	6	16576	0	0	0	0	0	0	0	0	0	0	0	0	0	0	0
1	30	3战斗开始	1196v1	0否	0	0	0	0	-2	-1	1战斗事件	48变更战斗角色	7	0	4	16575	0	0	0	0	0	0	0	0	0	0	0	0	0	0	0
1	31	3战斗开始	1196v1	0否	0	0	0	0	-2	-1	1战斗事件	2切换背景音效	7	24	0	0	0	0	0	0	0	0	0	0	0	0	0	0	0	0	0
1	32	3战斗开始	1196v1	0否	0	0	0	0	-2	-1	1战斗事件	5在当前场景背景上面绘制光效	7	sprite/juqing_gtjlljjjh	140	0	1	WarshipGirlPushInfoClass	1	1	animation	1	0	0	0	0	0.5	0.5	0	0	0
1	33	3战斗开始	1196v1	0否	0	0	0	0	-2	-1	1战斗事件	5在当前场景背景上面绘制光效	7	sprite/juqing_zdbljjjh	-160	0	1	WarshipGirlPushInfoClass	0	1	animation	1	0	0	0	0	0.5	0.5	0	0	0
1	34	3战斗开始	1196v1	0否	0	0	0	0	1010	-1	1战斗事件	2切换背景音效	7	5	0	0	0	0	0	0	0	0	0	0	0	0	0	0	0	0	0
1	35	3战斗开始	1196v1	0否	0	0	0	0	-2	-1	1战斗事件	28执行脚本	7	state_machine.excute("fight_role_controller_visible_formation",0,{0,"4,6",1})	0	0	0	0	0	0	0	0	0	0	0	0	0	0	0	0	0
1	36	3战斗开始	1196v1	0否	0	0	0	0	-2	-1	1战斗事件	35增加角色怒气	7	0	4	1000	0	0	0	0	0	0	0	0	0	0	0	0	0	0	0
1	37	3战斗开始	1196v1	0否	0	0	0	0	-2	-1	1战斗事件	3点击UI	7	FightQTEControllerClass	ListView_battle_head	3	0|Panel_head_role_xy	0	0	0	0	0	0	0	0	0	0	0	state_machine.excute("fight_qte_controller_update_role_cell_state", 0, {"root_lock", {1,2,4,5,6}, "root_active", {3}})	2	0
1	38	3战斗开始	1196v1	0否	0	0	0	0	1011	-1	1战斗事件	33战斗暂停	7	0	0	0	0	0	0	0	0	0	0	0	0	0	0	0	0	0	0
1	39	3战斗开始	1196v1	0否	0	0	0	0	-2	-1	1战斗事件	35增加角色怒气	7	0	6	1000	0	0	0	0	0	0	0	0	0	0	0	0	0	0	0
1	40	3战斗开始	1196v1	0否	0	0	0	0	-2	-1	1战斗事件	3点击UI	7	FightQTEControllerClass	ListView_battle_head	1	0|Panel_head_role_xy	0	0	0	0	0	0	0	0	0	0	0	state_machine.excute("fight_qte_controller_update_role_cell_state", 0, {"root_lock", {2,3,4,5,6}, "root_active", {1}})	2	0
1	41	3战斗开始	1196v1	0否	0	0	0	0	1012	-1	1战斗事件	33战斗暂停	7	0	0	0	0	0	0	0	0	0	0	0	0	0	0	0	0	0	0
1	42	3战斗开始	1196v1	0否	0	0	0	0	-2	-1	1战斗事件	35增加角色怒气	7	0	5	1000	0	0	0	0	0	0	0	0	0	0	0	0	0	0	0
1	43	3战斗开始	1196v1	0否	0	0	0	0	-2	-1	1战斗事件	3点击UI	7	FightQTEControllerClass	ListView_battle_head	2	0|Panel_head_role_xy	0	0	0	0	0	0	0	0	0	0	0	state_machine.excute("fight_qte_controller_update_role_cell_state", 0, {"root_lock", {1,3,4,5,6}, "root_active", {2}})	2	0
1	44	3战斗开始	1196v1	0否	0	0	0	0	-2	-1	1战斗事件	28执行脚本	7	state_machine.excute("fight_qte_controller_update_role_cell_state", 0, {"root_active", {1,2,3,4,5,6}})	0	0	0	0	0	0	0	0	0	0	0	0	0	0	0	0	0
1	45	3战斗开始	1196v1	0否	0	0	0	0	1013	-1	1战斗事件	33战斗暂停	7	0	0	0	0	0	0	0	0	0	0	0	0	0	0	0	0	0	0
1	46	3战斗开始	1196v1	0否	0	0	0	0	-2	-1	1战斗事件	42暂停战斗切场	7	0	0	0	0	0	0	0	0	0	0	0	0	0	0	0	0	0	0
1	47	3战斗开始	1196v1	0否	0	0	0	0	-2	-1	1战斗事件	24等待CD	7	800	0	0	0	0	0	0	0	0	0	0	0	0	0	0	0	0	0
1	48	3战斗开始	1196v1	0否	0	0	0	0	-2	-1	1战斗事件	7对话	7	0	17	0	城户丈	赢了！！！	0	0	0	1326	0	0	0	0	0	0	0	0	0
1	49	3战斗开始	1196v1	0否	0	0	0	0	1014	-1	1战斗事件	10播放音效	7	1429	0	0	0	0	0	0	0	0	0	0	0	0	0	0	0	0	0
1	50	3战斗开始	1196v1	0否	0	0	0	0	-2	-1	1战斗事件	5在当前场景背景上面绘制光效	7	sprite/juqing_bianyi	0	0	1	LDuplicateWindowClass	0	1	animation	1	0	0	0	0	0.5	0.5	0	0	0
1	51	3战斗开始	1196v1	0否	0	0	0	0	-2	-1	1战斗事件	5在当前场景背景上面绘制光效	7	sprite/juqing_bianyi	0	0	-1	LDuplicateWindowClass	1	1	animation2	1	0	0	0	0	0.5	0.5	0	0	0
1	52	3战斗开始	1196v1	0否	0	0	0	0	-2	-1	1战斗事件	7对话	7	0	10	0	八神太一	什……什么啊这是……	0	0	0	1254	0	0	0	0	0	0	0	0	0
1	53	3战斗开始	1196v1	0否	0	0	0	0	-2	-1	1战斗事件	7对话	7	0	11	0	石田大和	明明已经打倒了黑暗四天王啊！	0	0	0	1400	0	0	0	0	0	0	0	0	0
1	54	3战斗开始	1196v1	0否	0	0	0	0	-2	-1	1战斗事件	7对话	7	1	11	107601	？？？	呼呼呼……你们认为这样就赢了吗？	0	0	0	1427	0	0	0	0	0	0	0	0	0
1	55	3战斗开始	1196v1	0否	0	0	0	0	-2	-1	1战斗事件	7对话	7	0	12	107601	太刀川美美	这个声音，感觉好糟……	0	0	0	1402	0	0	0	0	0	0	0	0	0
1	56	3战斗开始	1196v1	0否	0	0	0	0	-2	-1	1战斗事件	7对话	7	0	3	107601	八神太一	嗯，向深处前进吧！	0	0	0	1403	0	0	0	0	0	0	0	0	0
1	57	3战斗开始	1196v1	0否	0	0	0	0	1015	-1	1战斗事件	24等待CD	7	800	0	0	0	0	0	0	0	0	0	0	0	0	0	0	0	0	0
1	58	3战斗开始	1196v1	0否	0	0	0	0	-2	-1	1战斗事件	2切换背景音效	7	4	0	0	0	0	0	0	0	0	0	0	0	0	0	0	0	0	0
1	59	3战斗开始	1196v1	0否	0	0	0	0	-2	-1	1战斗事件	28执行脚本	7	state_machine.excute("fight_scene_change_to_fight_scene",0,8)	0	0	0	0	0	0	0	0	0	0	0	0	0	0	0	0	0
1	60	3战斗开始	1196v1	0否	0	0	0	0	-2	-1	1战斗事件	5在当前场景背景上面绘制光效	7	sprite/juqing_bianyi	0	0	0	LDuplicateWindowClass	1	1	animation2	1	0	0	0	0	0.5	0.5	0	0	0
1	61	3战斗开始	1196v1	0否	0	0	0	0	-2	-1	1战斗事件	5在当前场景背景上面绘制光效	7	sprite/juqing_ditu	0	0	1	FightMapClass	1	1	animation	1	0	0	0	0	0.5	0.5	0	0	0
1	62	3战斗开始	1196v1	0否	0	0	0	0	-2	-1	1战斗事件	10播放音效	7	1223	0	0	0	0	0	0	0	0	0	0	0	0	0	0	0	0	0
1	63	3战斗开始	1196v1	0否	0	0	0	0	-2	-1	1战斗事件	5在当前场景背景上面绘制光效	7	sprite/juqing_qishiludc	0	-80	1	WarshipGirlPushInfoClass	0	1	animation	1	0	0	0	0	0.5	0.5	0	0	0
1	64	3战斗开始	1196v1	0否	0	0	0	0	1016	-1	1战斗事件	33战斗暂停	7	2	0	0	0	0	0	0	0	0	0	0	0	0	0	0	0	0	0
1	65	3战斗开始	1196v1	0否	0	0	0	0	-2	-1	1战斗事件	28执行脚本	7	state_machine.excute("fight_role_controller_battle_lock_attack_for_mission", 0, true)	0	0	0	0	0	0	0	0	0	0	0	0	0	0	0	0	0
1	66	3战斗开始	1196v1	0否	0	0	0	0	-2	-1	1战斗事件	43开始战斗切场	7	0	0	0	0	0	0	0	0	0	0	0	0	0	0	0	0	0	0
1	67	3战斗开始	1196v1	0否	0	0	0	0	-2	-1	1战斗事件	47禁用战斗切场动画	7	0	0	0	0	0	0	0	0	0	0	0	0	0	0	0	0	0	0
1	68	3战斗开始	1196v1	0否	0	0	0	0	-2	-1	1战斗事件	7对话	7	1	0	107601	启示录兽	被选召的孩子们啊……我们一直很期待能与你们相会。	0	0	0	1224	0	0	0	0	0	0	0	0	0
1	69	3战斗开始	1196v1	0否	0	0	0	0	-2	-1	1战斗事件	7对话	7	0	3	107601	八神太一	数码宝贝世界还有我们的世界，我们大家一起来拯救！	0	0	0	1409	0	0	0	0	0	0	0	0	0
1	70	3战斗开始	1196v1	0否	0	0	0	0	-2	-1	1战斗事件	7对话	7	1	3	107601	启示录兽	这个世界该由我们支配，是属于我们的地盘……！	0	0	0	1428	0	0	0	0	0	0	0	0	0
1	71	3战斗开始	1196v1	0否	0	0	0	0	-2	-1	1战斗事件	7对话	7	1	3	107601	启示录兽	来妨碍的家伙要全部让它消失，哼哼哼哼……	0	0	0	1001	0	0	0	0	0	0	0	0	0
1	72	3战斗开始	1196v1	0否	0	0	0	0	1017	-1	1战斗事件	28执行脚本	7	state_machine.excute("fight_role_controller_visible_formation",0,{1,"2",0})	0	0	0	0	0	0	0	0	0	0	0	0	0	0	0	0	0
1	73	3战斗开始	1196v1	0否	0	0	0	0	-2	-1	1战斗事件	10播放音效	7	1226	0	0	0	0	0	0	0	0	0	0	0	0	0	0	0	0	0
1	74	3战斗开始	1196v1	0否	0	0	0	0	-2	-1	1战斗事件	5在当前场景背景上面绘制光效	7	sprite/juqing_qsltuihua	0	0	1	FightQTEControllerClass	0	1	animation	1	0	0	0	0,-120	0.5	0.5	0	0	0
1	75	3战斗开始	1196v1	0否	0	0	0	0	-2	-1	1战斗事件	10播放音效	7	1228	0	0	0	0	0	0	0	0	0	0	0	0	0	0	0	0	0
1	76	3战斗开始	1196v1	0否	0	0	0	0	-2	-1	1战斗事件	48变更战斗角色	7	0	4	16568	0	0	0	0	0	0	0	0	0	0	0	0	0	0	0
1	77	3战斗开始	1196v1	0否	0	0	0	0	-2	-1	1战斗事件	48变更战斗角色	7	0	5	17413	0	0	0	0	0	0	0	0	0	0	0	0	0	0	0
1	78	3战斗开始	1196v1	0否	0	0	0	0	-2	-1	1战斗事件	48变更战斗角色	7	0	6	16570	0	0	0	0	0	0	0	0	0	0	0	0	0	0	0
1	79	3战斗开始	1196v1	0否	0	0	0	0	-2	-1	1战斗事件	28执行脚本	7	state_machine.excute("fight_role_controller_visible_formation",0,{1,"2",1})	0	0	0	0	0	0	0	0	0	0	0	0	0	0	0	0	0
1	80	3战斗开始	1196v1	0否	0	0	0	0	1018	-1	1战斗事件	24等待CD	7	1000	0	0	0	0	0	0	0	0	0	0	0	0	0	0	0	0	0
1	81	3战斗开始	1196v1	0否	0	0	0	0	-2	-1	1战斗事件	18发送资源	7	8-0,1	0	0	0	0	0	0	0	0	0	0	0	0	0	0	0	0	0
1	82	3战斗开始	1196v1	0否	0	0	0	0	-2	-1	1战斗事件	7对话	7	0	2	0	高石岳	大家都退化了……？	0	0	0	1229	0	0	0	0	0	0	0	0	0
1	83	3战斗开始	1196v1	0否	0	0	0	0	-2	-1	1战斗事件	7对话	7	0	101801	0	加布兽	没关系，我们还可以战斗的！	0	0	0	1230	0	0	0	0	0	0	0	0	0
1	84	3战斗开始	1196v1	0否	0	0	0	0	-2	-1	1战斗事件	7对话	7	0	105201	0	甲虫兽	如果能再进化的话……	0	0	0	1231	0	0	0	0	0	0	0	0	0
1	85	3战斗开始	1196v1	0否	0	0	0	0	1019	-1	1战斗事件	28执行脚本	7	state_machine.excute("fight_module_frf_change",0,0)	0	0	0	0	0	0	0	0	0	0	0	0	0	0	0	0	0
1	86	3战斗开始	1196v1	0否	0	0	0	0	-2	-1	1战斗事件	28执行脚本	7	state_machine.excute("menu_window_open_mission",0,0)	0	0	0	0	0	0	0	0	0	0	0	0	0	0	0	0	0
2	1	7连击进度条开始	1v1	0否	0	0	0	0	-2	-1	1战斗事件	15开始战斗	0	1	0	0	0	0	0	0	0	0	0	0	0	0	0	0	0	0	0
2	2	7连击进度条开始	1v1	0否	0	0	0	0	1105	-1	1战斗事件	28执行脚本	0	state_machine.excute("fight_role_controller_select_target_effect_visible", 0, true)	0	0	0	0	0	0	0	0	0	0	0	0	0	0	0	0	0
2	3	7连击进度条开始	1v1	0否	0	0	0	0	-2	-1	1战斗事件	44角色释放技能	0	0	4	2	0	0	0	0	0	0	0	0	0	0	0	0	0	0	0
2	4	7连击进度条开始	1v1	0否	0	0	0	0	-2	-1	1战斗事件	44角色释放技能	0	0	2	2	0	0	0	0	0	0	0	0	0	0	0	0	0	0	0
2	5	7连击进度条开始	1v1	0否	0	0	0	0	-2	-1	1战斗事件	3点击UI	0	FightSceneClass	master-2	0	0	-4,8	300,350	点击%|4|敌方数码兽，%&#13;&#10;直接发起攻击！	0	0	0	0	0	0	0	0	0	0	0
2	6	7连击进度条开始	1v1	0否	0	0	0	0	1106	-1	1战斗事件	29暂停战斗绘制	0	-1	4	0	0	0	0	0	0	0	0	0	0	0	0	0	0	0	0
2	7	7连击进度条开始	1v1	0否	0	0	0	0	-2	-1	1战斗事件	3点击UI	0	FightQTEControllerClass	Panel_xiangyin	0	0	220,45,125,-27	450,20	光圈聚合到最小时再次点击获得%|4|完美一击%！	0	0	0	0	0	0	0	0	0	0	0
2	8	7连击进度条开始	1v1	0否	0	0	0	0	1107	-1	1战斗事件	33战斗暂停	0	0	0	0	0	0	0	0	0	0	0	0	0	0	0	0	0	0	0
2	9	7连击进度条开始	1v1	0否	0	0	0	0	-2	-1	1战斗事件	42暂停战斗切场	0	0	0	0	0	0	0	0	0	0	0	0	0	0	0	0	0	0	0
2	10	7连击进度条开始	1v1	0否	0	0	0	0	-2	-1	1战斗事件	43开始战斗切场	0	2	0	0	0	0	0	0	0	0	0	0	0	0	0	0	0	0	0
3	1	7连击进度条开始	1v2	0否	0	0	0	0	-2	-1	1战斗事件	15开始战斗	0	1	0	0	0	0	0	0	0	0	0	0	0	0	0	0	0	0	0
3	2	7连击进度条开始	1v2	0否	0	0	0	0	1108	-1	1战斗事件	44角色释放技能	0	0	4	2	0	0	0	0	0	0	0	0	0	0	0	0	0	0	0
3	3	7连击进度条开始	1v2	0否	0	0	0	0	-2	-1	1战斗事件	44角色释放技能	0	0	2	2	0	0	0	0	0	0	0	0	0	0	0	0	0	0	0
3	4	7连击进度条开始	1v2	0否	0	0	0	0	-2	-1	1战斗事件	7对话	0	1	0	104303	奥加兽	哈——哈哈哈！！让本大爷来当你们的对手！！	0	0	0	1192	0	0	0	0	0	0	0	0	0
3	5	7连击进度条开始	1v2	0否	0	0	0	0	-2	-1	1战斗事件	7对话	0	0	101301	104303	亚古兽	太一，这里就交给我们！	0	0	0	1193	0	0	0	0	0	0	0	0	0
3	6	7连击进度条开始	1v2	0否	0	0	0	0	-2	-1	1战斗事件	7对话	0	0	3	104303	八神太一	快，亚古兽进化吧！	0	0	0	1194	0	0	0	0	0	0	0	0	0
3	7	7连击进度条开始	1v2	0否	0	0	0	0	1109	-1	1战斗事件	10播放音效	0	1081	0	0	0	0	0	0	0	0	0	0	0	0	0	0	0	0	0
3	8	7连击进度条开始	1v2	0否	0	0	0	0	-2	-1	1战斗事件	5在当前场景背景上面绘制光效	0	sprite/juqing_zhandoujinhua	-180	-80	1	FightQTEControllerClass	1	1	animation	1	0	0	0	0,-110	0.5	0.5	0	0	0
3	9	7连击进度条开始	1v2	0否	0	0	0	0	-2	-1	1战斗事件	5在当前场景背景上面绘制光效	0	sprite/spirte_juqing6	9999	9999	2	FightQTEControllerClass	0	1	animation	1	0	0	0	0	0.5	0.5	0	0	0
3	10	7连击进度条开始	1v2	0否	0	0	0	0	-2	-1	1战斗事件	48变更战斗角色	0	0	2	17405	0	0	0	0	0	0	0	0	0	0	0	0	0	0	0
3	11	7连击进度条开始	1v2	0否	0	0	0	0	-2	-1	1战斗事件	5在当前场景背景上面绘制光效	0	sprite/spirte_juqing6	9999	9999	2	FightQTEControllerClass	0	1	animation	1	0	0	0	0	0.5	0.5	0	0	0
3	12	7连击进度条开始	1v2	0否	0	0	0	0	1110	-1	1战斗事件	3点击UI	0	FightSceneClass	master-2	0	0	-4,8	300,350	&nbsp;&#13;&#10;尝试再次%|4|完美一击%吧！	0	0	0	0	0	0	0	0	0	0	0
3	13	7连击进度条开始	1v2	0否	0	0	0	0	-2	-1	1战斗事件	34战斗继续	0	0	0	0	0	0	0	0	0	0	0	0	0	0	0	0	0	0	0
3	14	7连击进度条开始	1v2	0否	0	0	0	0	-2	-1	1战斗事件	28执行脚本	0	state_machine.excute("window_lock_set_swallow_touches",0,0)	0	0	0	0	0	0	0	0	0	0	0	0	0	0	0	0	0
3	15	7连击进度条开始	1v2	0否	0	0	0	0	-2	-1	1战斗事件	44角色释放技能	0	0	4	1	0	0	0	0	0	0	0	0	0	0	0	0	0	0	0
3	16	7连击进度条开始	1v2	0否	0	0	0	0	-2	-1	1战斗事件	44角色释放技能	0	0	2	1	0	0	0	0	0	0	0	0	0	0	0	0	0	0	0
3	17	7连击进度条开始	1v2	0否	0	0	0	0	-2	-1	1战斗事件	3点击UI	4	FightQTEControllerClass	ListView_battle_head	2	0|Panel_head_role_xy	0	0,80	出现%|4|技能%字样时，可发动数码兽的技能攻击！	0	0	0	0	0	0	0	0	0	1	0
3	18	7连击进度条开始	1v2	0否	0	0	0	0	1111	-1	1战斗事件	16返回战斗	4	1	0	0	0	0	0	0	0	0	0	0	0	0	0	0	0	0	0
4	1	4战斗结束	1v2	0否	0	0	0	0	-2	-1	1战斗事件	28执行脚本	0	state_machine.excute("fight_role_controller_visible_formation",0,{0,"2",0})	0	0	0	0	0	0	0	0	0	0	0	0	0	0	0	0	0
4	2	4战斗结束	1v2	0否	0	0	0	0	-2	-1	1战斗事件	10播放音效	0	1233	0	0	0	0	0	0	0	0	0	0	0	0	0	0	0	0	0
4	3	4战斗结束	1v2	0否	0	0	0	0	-2	-1	1战斗事件	5在当前场景背景上面绘制光效	0	sprite/juqing_blstuihua	-195	-68	1	FightQTEControllerClass	0	1	animation	1	0	0	0	0,-110	0.5	0.5	0	0	0
4	4	4战斗结束	1v2	0否	0	0	0	0	-2	-1	1战斗事件	48变更战斗角色	0	0	2	17409	0	0	0	0	0	0	0	0	0	0	0	0	0	0	0
4	5	4战斗结束	1v2	0否	0	0	0	0	-2	-1	1战斗事件	28执行脚本	0	state_machine.excute("fight_role_controller_visible_formation",0,{0,"2",1})	0	0	0	0	0	0	0	0	0	0	0	0	0	0	0	0	0
4	6	4战斗结束	1v2	0否	0	0	0	0	1112	-1	1战斗事件	7对话	0	1	0	101301	亚古兽	太一！！！	0	0	0	1198	0	0	0	0	0	0	0	0	0
4	7	4战斗结束	1v2	0否	0	0	0	0	-2	-1	1战斗事件	7对话	0	0	4	101301	八神太一	亚古兽！又变回原来的样子了！	0	0	0	1195	0	0	0	0	0	0	0	0	0
4	8	4战斗结束	1v2	0否	0	0	0	0	-2	-1	1战斗事件	7对话	0	1	4	105201	甲虫兽	应该是能量耗尽了吧……	0	0	0	1131	0	0	0	0	0	0	0	0	0
4	9	4战斗结束	1v2	0否	0	0	0	0	1113	-1	1战斗事件	17战斗结束	0	0	0	0	0	0	0	0	0	0	0	0	0	0	0	0	0	0	0
5	1	3战斗开始	2v1	0否	0	0	0	0	-2	-1	1战斗事件	15开始战斗	0	1	0	0	0	0	0	0	0	0	0	0	0	0	0	0	0	0	0
5	2	3战斗开始	2v1	0否	0	0	0	0	1205	-1	1战斗事件	3点击UI	0	FightSceneClass	master-3	0	0	0	170,80	点击%|4|古加兽%&#13;&#10;可以更换攻击目标	0	0	0	0	0	0	0	0	0	0	0
5	3	3战斗开始	2v1	0否	0	0	0	0	-2	-1	1战斗事件	3点击UI	0	FightSceneClass	master-3	0	0	-4,8	170,80	%|4|更换目标%成功，&#13;&#10;再次点击发起攻击！	0	0	0	0	0	0	0	0	0	0	0
5	4	3战斗开始	2v1	0否	0	0	0	0	-2	-1	1战斗事件	28执行脚本	0	state_machine.excute("window_lock_set_swallow_touches",0,0)	0	0	0	0	0	0	0	0	0	0	0	0	0	0	0	0	0
5	5	3战斗开始	2v1	0否	0	0	0	0	1206	-1	1战斗事件	16返回战斗	0	1	0	0	0	0	0	0	0	0	0	0	0	0	0	0	0	0	0
6	1	3战斗开始	2v2	0否	0	0	0	0	-2	-1	1战斗事件	15开始战斗	0	1	0	0	0	0	0	0	0	0	0	0	0	0	0	0	0	0	0
6	2	3战斗开始	2v2	0否	0	0	0	0	1207	-1	1战斗事件	44角色释放技能	0	0	6	1	0	0	0	0	0	0	0	0	0	0	0	0	0	0	0
6	3	3战斗开始	2v2	0否	0	0	0	0	-2	-1	1战斗事件	44角色释放技能	0	0	4	1	0	0	0	0	0	0	0	0	0	0	0	0	0	0	0
6	4	3战斗开始	2v2	0否	0	0	0	0	-2	-1	1战斗事件	44角色释放技能	0	0	2	2	0	0	0	0	0	0	0	0	0	0	0	0	0	0	0
6	5	3战斗开始	2v2	0否	0	0	0	0	-2	-1	1战斗事件	34战斗继续	0	0	0	0	0	0	0	0	0	0	0	0	0	0	0	0	0	0	0
6	6	3战斗开始	2v2	0否	0	0	0	0	-2	-1	1战斗事件	7对话	2	0	7	0	武之内空	无论是力量还是速度，都比我们的数码宝贝要强好多啊！	0	0	0	1201	0	0	0	0	0	0	0	0	0
6	7	3战斗开始	2v2	0否	0	0	0	0	-2	-1	1战斗事件	7对话	2	0	9	0	泉光子郎	用神圣计划可以消减黑暗的力量！！！	0	0	0	1079	0	0	0	0	0	0	0	0	0
6	8	3战斗开始	2v2	0否	0	0	0	0	-2	-1	1战斗事件	7对话	2	0	3	0	八神太一	好！就让我来试试看！	0	0	0	1080	0	0	0	0	0	0	0	0	0
6	9	3战斗开始	2v2	0否	0	0	0	0	1208	-1	1战斗事件	28执行脚本	2	state_machine.excute("fight_role_controller_visible_formation",0,{1,"2",0})	0	0	0	0	0	0	0	0	0	0	0	0	0	0	0	0	0
6	10	3战斗开始	2v2	0否	0	0	0	0	-2	-1	1战斗事件	48变更战斗角色	2	1	2	17412	0	0	0	0	0	0	0	0	0	0	0	0	0	0	0
6	11	3战斗开始	2v2	0否	0	0	0	0	-2	-1	1战斗事件	10播放音效	2	1081	0	0	0	0	0	0	0	0	0	0	0	0	0	0	0	0	0
6	12	3战斗开始	2v2	0否	0	0	0	0	-2	-1	1战斗事件	5在当前场景背景上面绘制光效	2	sprite/juqing_jinghuaszs	0	0	1	FightQTEControllerClass	1	1	animation2	1	0	0	0	0,110	0.5	0.5	0	0	0
6	13	3战斗开始	2v2	0否	0	0	0	0	-2	-1	1战斗事件	10播放音效	2	1197	0	0	0	0	0	0	0	0	0	0	0	0	0	0	0	0	0
6	14	3战斗开始	2v2	0否	0	0	0	0	-2	-1	1战斗事件	5在当前场景背景上面绘制光效	2	sprite/juqing_jinghuagx	0	0	1	FightQTEControllerClass	0	1	animation	1	0	0	0	0,110	0.5	0.5	0	0	0
6	15	3战斗开始	2v2	0否	0	0	0	0	-2	-1	1战斗事件	28执行脚本	2	state_machine.excute("fight_role_controller_visible_formation",0,{1,"2",1})	0	0	0	0	0	0	0	0	0	0	0	0	0	0	0	0	0
6	16	3战斗开始	2v2	0否	0	0	0	0	1209	-1	1战斗事件	35增加角色怒气	2	0	2	-500	0	0	0	0	0	0	0	0	0	0	0	0	0	0	0
6	17	3战斗开始	2v2	0否	0	0	0	0	-2	-1	1战斗事件	35增加角色怒气	2	0	6	1000	0	0	0	0	0	0	0	0	0	0	0	0	0	0	0
6	18	3战斗开始	2v2	0否	0	0	0	0	-2	-1	1战斗事件	3点击UI	2	FightQTEControllerClass	ListView_battle_head	1	0|Panel_head_role_xy	0	540,120	趁现在！&#13;&#10;释放%|4|巴鲁兽的必杀技%！&#13;&#10;治疗大家！	0	0	0	0	0	0	0	0	0	2	0
6	19	3战斗开始	2v2	0否	0	0	0	0	1210	-1	1战斗事件	28执行脚本	2	state_machine.excute("window_lock_set_swallow_touches",0,0)	0	0	0	0	0	0	0	0	0	0	0	0	0	0	0	0	0
6	20	3战斗开始	2v2	0否	0	0	0	0	-2	-1	1战斗事件	16返回战斗	2	1	0	0	0	0	0	0	0	0	0	0	0	0	0	0	0	0	0
7	1	4战斗结束	2v2	0否	0	0	0	0	-2	-1	1战斗事件	7对话	0	1	0	107101	黑暗·狮子兽	嗷啊啊啊啊！！！	0	0	0	1202	0	0	0	0	0	0	0	0	0
7	2	4战斗结束	2v2	0否	0	0	0	0	-2	-1	1战斗事件	7对话	0	1	0	102602	狮子兽	（黑色齿轮的力量消失了）消灭邪恶！！！	0	0	0	1203	0	0	0	0	0	0	0	0	0
7	3	4战斗结束	2v2	0否	0	0	0	0	-2	-1	1战斗事件	7对话	0	0	4	102602	八神太一	干得漂亮，亚古兽！	0	0	0	1204	0	0	0	0	0	0	0	0	0
7	4	4战斗结束	2v2	0否	0	0	0	0	1211	-1	1战斗事件	17战斗结束	0	0	0	0	0	0	0	0	0	0	0	0	0	0	0	0	0	0	0
8	1	3战斗开始	1198v1	0否	0	0	0	0	-2	-1	1战斗事件	15开始战斗	0	1	0	0	0	0	0	0	0	0	0	0	0	0	0	0	0	0	0
8	2	3战斗开始	1198v1	0否	0	0	0	0	1305	-1	1战斗事件	7对话	0	1	0	101502	恶魔兽	被选召的孩子们终于来了……	0	0	0	1208	0	0	0	0	0	0	0	0	0
8	3	3战斗开始	1198v1	0否	0	0	0	0	-2	-1	1战斗事件	7对话	0	1	0	101502	恶魔兽	你们的命运就在这里被消灭吧！	0	0	0	1210	0	0	0	0	0	0	0	0	0
8	4	3战斗开始	1198v1	0否	0	0	0	0	-2	-1	1战斗事件	7对话	0	0	102602	101502	狮子兽	恶魔兽！你竟敢对我使出那么卑鄙的招数！不可原谅！	0	0	0	1209	0	0	0	0	0	0	0	0	0
8	5	3战斗开始	1198v1	0否	0	0	0	0	1306	-1	1战斗事件	28执行脚本	0	state_machine.excute("fight_role_controller_battle_formation_info",0,{{1,1,0,1,1,1},{0,0,0,0,0,0}})	0	0	0	0	0	0	0	0	0	0	0	0	0	0	0	0	0
8	6	3战斗开始	1198v1	0否	0	0	0	0	-2	-1	1战斗事件	16返回战斗	0	1	0	0	0	0	0	0	0	0	0	0	0	0	0	0	0	0	0
9	1	3战斗开始	1198v2	0否	0	0	0	0	-2	-1	1战斗事件	15开始战斗	0	1	0	0	0	0	0	0	0	0	0	0	0	0	0	0	0	0	0
9	2	3战斗开始	1198v2	0否	0	0	0	0	1307	-1	1战斗事件	7对话	0	1	0	101502	恶魔兽	被选召的孩子们，也只有这种程度吗？	0	0	0	1211	0	0	0	0	0	0	0	0	0
9	3	3战斗开始	1198v2	0否	0	0	0	0	-2	-1	1战斗事件	7对话	0	0	3	101502	八神太一	什么……？难道他还没认真起来吗？	0	0	0	1212	0	0	0	0	0	0	0	0	0
9	4	3战斗开始	1198v2	0否	0	0	0	0	-2	-1	1战斗事件	7对话	0	1	3	101502	恶魔兽	汇集到我身上吧！黑暗的力量啊！	0	0	0	1005	0	0	0	0	0	0	0	0	0
9	5	3战斗开始	1198v2	0否	0	0	0	0	1308	-1	1战斗事件	10播放音效	0	1006	0	0	0	0	0	0	0	0	0	0	0	0	0	0	0	0	0
9	6	3战斗开始	1198v2	0否	0	0	0	0	-2	-1	1战斗事件	5在当前场景背景上面绘制光效	0	sprite/spirte_juqing1	240	-50	1	FightQTEControllerClass	0	1	animation	1	0	0	0	0,110	0.5	0.5	0	0	0
9	7	3战斗开始	1198v2	0否	0	0	0	0	1309	-1	1战斗事件	28执行脚本	0	state_machine.excute("fight_role_controller_visible_formation",0,{1,"2",1})	0	0	0	0	0	0	0	0	0	0	0	0	0	0	0	0	0
9	8	3战斗开始	1198v2	0否	0	0	0	0	-2	-1	1战斗事件	24等待CD	0	800	0	0	0	0	0	0	0	0	0	0	0	0	0	0	0	0	0
9	9	3战斗开始	1198v2	0否	0	0	0	0	-2	-1	1战斗事件	2切换背景音效	0	14	0	0	0	0	0	0	0	0	0	0	0	0	0	0	0	0	0
9	10	3战斗开始	1198v2	0否	0	0	0	0	-2	-1	1战斗事件	34战斗继续	0	0	0	0	0	0	0	0	0	0	0	0	0	0	0	0	0	0	0
9	11	3战斗开始	1198v2	0否	0	0	0	0	1310	-1	1战斗事件	24等待CD	2	1500	0	0	0	0	0	0	0	0	0	0	0	0	0	0	0	0	0
9	12	3战斗开始	1198v2	0否	0	0	0	0	-2	-1	1战斗事件	7对话	2	1	0	102602	狮子兽	呜……呜……	0	0	0	1213	0	0	0	0	0	0	0	0	0
9	13	3战斗开始	1198v2	0否	0	0	0	0	-2	-1	1战斗事件	7对话	2	0	10	102602	八神太一	狮子兽！你没事吧？！	0	0	0	1009	0	0	0	0	0	0	0	0	0
9	14	3战斗开始	1198v2	0否	0	0	0	0	-2	-1	1战斗事件	7对话	2	1	10	102602	狮子兽	没事……但是……接下来我就不能帮上你们了……	0	0	0	1010	0	0	0	0	0	0	0	0	0
9	15	3战斗开始	1198v2	0否	0	0	0	0	-2	-1	1战斗事件	7对话	2	1	10	101502	恶魔兽	就让这个法易路岛成为你们的墓地吧！	0	0	0	1003	0	0	0	0	0	0	0	0	0
9	16	3战斗开始	1198v2	0否	0	0	0	0	-2	-1	1战斗事件	7对话	2	0	100101	101502	巴达兽	不要……就由我来保护岳和大家！	0	0	0	1214	0	0	0	0	0	0	0	0	0
9	17	3战斗开始	1198v2	0否	0	0	0	0	1311	-1	1战斗事件	2切换背景音效	2	22	0	0	0	0	0	0	0	0	0	0	0	0	0	0	0	0	0
9	18	3战斗开始	1198v2	0否	0	0	0	0	-2	-1	1战斗事件	5在当前场景背景上面绘制光效	2	sprite/juqing_tshjh	1	1	1	WarshipGirlPushInfoClass	0	1	animation	1	0	0	0	0	0.5	0.5	0	0	0
9	19	3战斗开始	1198v2	0否	0	0	0	0	1312	-1	1战斗事件	2切换背景音效	2	5	0	0	0	0	0	0	0	0	0	0	0	0	0	0	0	0	0
9	20	3战斗开始	1198v2	0否	0	0	0	0	-2	-1	1战斗事件	48变更战斗角色	2	0	5	17414	0	0	0	0	0	0	0	0	0	0	0	0	0	0	0
9	21	3战斗开始	1198v2	0否	0	0	0	0	-2	-1	1战斗事件	35增加角色怒气	2	0	5	-100	0	0	0	0	0	0	0	0	0	0	0	0	0	0	0
9	22	3战斗开始	1198v2	0否	0	0	0	0	-2	-1	1战斗事件	7对话	2	0	100102	101502	天使兽	你的黑暗力量，由我来消灭！	0	0	0	1100	0	0	0	0	0	0	0	0	0
9	23	3战斗开始	1198v2	0否	0	0	0	0	1313	-1	1战斗事件	34战斗继续	2	0	0	0	0	0	0	0	0	0	0	0	0	0	0	0	0	0	0
9	24	3战斗开始	1198v2	0否	0	0	0	0	-2	-1	1战斗事件	16返回战斗	2	1	0	0	0	0	0	0	0	0	0	0	0	0	0	0	0	0	0
10	1	4战斗结束	1198v2	0否	0	0	0	0	-2	-1	1战斗事件	5在当前场景背景上面绘制光效	0	sprite/spirte_juqing3	-380	50	-1	FightQTEControllerClass	1	1	animation1	1	0	0	0	0,-110	0.5	0.5	0	0	0
10	2	4战斗结束	1198v2	0否	0	0	0	0	1314	-1	1战斗事件	7对话	0	1	0	101502	恶魔兽	太愚蠢了！天使兽，居然在这种地方用尽了力量。	0	0	0	1014	0	0	0	0	0	0	0	0	0
10	3	4战斗结束	1198v2	0否	0	0	0	0	-2	-1	1战斗事件	7对话	0	1	0	101502	恶魔兽	海的对面存在着掌握强大黑暗力量的数码宝贝，力量更在我之上啊！	0	0	0	1015	0	0	0	0	0	0	0	0	0
10	4	4战斗结束	1198v2	0否	0	0	0	0	-2	-1	1战斗事件	7对话	0	0	10	101502	八神太一	你，你说什么？	0	0	0	1016	0	0	0	0	0	0	0	0	0
10	5	4战斗结束	1198v2	0否	0	0	0	0	-2	-1	1战斗事件	7对话	0	1	2	100102	天使兽	岳……我们一定会再见的……只要你希望的话！	0	0	0	1017	0	0	0	0	0	0	0	0	0
10	6	4战斗结束	1198v2	0否	0	0	0	0	-2	-1	1战斗事件	7对话	0	0	1	100102	高石岳	天使兽！！！	0	0	0	1019	0	0	0	0	0	0	0	0	0
10	7	4战斗结束	1198v2	0否	0	0	0	0	1315	-1	1战斗事件	2切换背景音效	0	7	0	0	0	0	0	0	0	0	0	0	0	0	0	0	0	0	0
10	8	4战斗结束	1198v2	0否	0	0	0	0	-2	-1	1战斗事件	5在当前场景背景上面绘制光效	0	sprite/spirte_juqing3	-380	50	0	FightQTEControllerClass	0	1	animation1	1	0	0	0	0,-110	0.5	0.5	0	0	0
10	9	4战斗结束	1198v2	0否	0	0	0	0	-2	-1	1战斗事件	28执行脚本	0	state_machine.excute("fight_role_controller_visible_formation",0,{0,"5",0})	0	0	0	0	0	0	0	0	0	0	0	0	0	0	0	0	0
10	10	4战斗结束	1198v2	0否	0	0	0	0	-2	-1	1战斗事件	10播放音效	0	1018	0	0	0	0	0	0	0	0	0	0	0	0	0	0	0	0	0
10	11	4战斗结束	1198v2	0否	0	0	0	0	-2	-1	1战斗事件	5在当前场景背景上面绘制光效	0	sprite/spirte_juqing3	-350	0	1	FightQTEControllerClass	0	1	animation2	1	0	0	0	0,-110	0.5	0.5	0	0	0
10	12	4战斗结束	1198v2	0否	0	0	0	0	-2	-1	1战斗事件	5在当前场景背景上面绘制光效	0	sprite/spirte_juqing4	-85	0	1	FightQTEControllerClass	0	1	animation	1	0	0	0	0	0.5	0.5	0	0	0
10	13	4战斗结束	1198v2	0否	0	0	0	0	-2	-1	1战斗事件	5在当前场景背景上面绘制光效	0	sprite/spirte_juqing4	-85	0	-1	FightQTEControllerClass	1	1	animation1	1	0	0	0	0	0.5	0.5	0	0	0
10	14	4战斗结束	1198v2	0否	0	0	0	0	-2	-1	1战斗事件	7对话	0	0	105201	0	甲虫兽	是数码蛋……	0	0	0	1215	0	0	0	0	0	0	0	0	0
10	15	4战斗结束	1198v2	0否	0	0	0	0	-2	-1	1战斗事件	7对话	0	0	105101	0	巴鲁兽	进化顺利的话，还会再相见的！	0	0	0	1216	0	0	0	0	0	0	0	0	0
10	16	4战斗结束	1198v2	0否	0	0	0	0	-2	-1	1战斗事件	28执行脚本	0	state_machine.excute("fight_ui_change_time_speed_set",0,2)	0	0	0	0	0	0	0	0	0	0	0	0	0	0	0	0	0
10	17	4战斗结束	1198v2	0否	0	0	0	0	1316	-1	1战斗事件	17战斗结束	0	0	0	0	0	0	0	0	0	0	0	0	0	0	0	0	0	0	0
11	1	3战斗开始	4v1	0否	0	0	0	0	-2	-1	1战斗事件	15开始战斗	0	1	0	0	0	0	0	0	0	0	0	0	0	0	0	0	0	0	0
11	2	3战斗开始	4v1	0否	0	0	0	0	1408	-1	1战斗事件	7对话	0	1	0	103301	加支兽	要把被选召的孩子，交给猿猴兽大人！	0	0	0	1102	0	0	0	0	0	0	0	0	0
11	3	3战斗开始	4v1	0否	0	0	0	0	-2	-1	1战斗事件	7对话	0	0	101301	103301	亚古兽	猿猴兽……吗？！	0	0	0	1103	0	0	0	0	0	0	0	0	0
11	4	3战斗开始	4v1	0否	0	0	0	0	-2	-1	1战斗事件	7对话	0	1	101301	103301	加支兽	正是！先在这里把你收拾掉！	0	0	0	1104	0	0	0	0	0	0	0	0	0
11	5	3战斗开始	4v1	0否	0	0	0	0	1409	-1	1战斗事件	10播放音效	0	1426	0	0	0	0	0	0	0	0	0	0	0	0	0	0	0	0	0
11	6	3战斗开始	4v1	0否	0	0	0	0	-2	-1	1战斗事件	5在当前场景背景上面绘制光效	0	sprite/sprite_zdkq	-490	-260	1	FightQTEControllerClass	1	1	animation	1	0	0	0	0,-60,25	0.5	0.5	0	0	0
11	7	3战斗开始	4v1	0否	0	0	0	0	-2	-1	1战斗事件	5在当前场景背景上面绘制光效	0	sprite/sprite_zdkq	495	-260	1	FightQTEControllerClass	0	1	animation	1	0	0	0	0,60,25	0.5	0.5	0	0	0
11	8	3战斗开始	4v1	0否	0	0	0	0	-2	-1	1战斗事件	3点击UI	0	FightQTEControllerClass	ListView_battle_head	2	0|Panel_head_role_xy	-999,999	0,100	在屏幕下方可以调整&#13;&#10;%|4|X2倍速%和%|4|自动战斗%！	4	0	0	1	0	0	0	0	0	0	0
11	9	3战斗开始	4v1	0否	0	0	0	0	1410	-1	1战斗事件	28执行脚本	0	state_machine.excute("window_lock_set_swallow_touches",0,0)	0	0	0	0	0	0	0	0	0	0	0	0	0	0	0	0	0
11	10	3战斗开始	4v1	0否	0	0	0	0	-2	-1	1战斗事件	16返回战斗	0	1	0	0	0	0	0	0	0	0	0	0	0	0	0	0	0	0	0
12	1	4战斗结束	4v2	0否	0	0	0	0	-2	-1	1战斗事件	7对话	0	1	0	103301	加支兽	快逃！啊——啊啊——啊	0	0	0	1106	0	0	0	0	0	0	0	0	0
12	2	4战斗结束	4v2	0否	0	0	0	0	-2	-1	1战斗事件	7对话	0	0	4	103301	八神太一	干得漂亮，亚古兽！	0	0	0	1204	0	0	0	0	0	0	0	0	0
12	3	4战斗结束	4v2	0否	0	0	0	0	1411	-1	1战斗事件	17战斗结束	0	0	0	0	0	0	0	0	0	0	0	0	0	0	0	0	0	0	0
13	1	3战斗开始	5v1	0否	0	0	0	0	-2	-1	1战斗事件	15开始战斗	0	1	0	0	0	0	0	0	0	0	0	0	0	0	0	0	0	0	0
13	2	3战斗开始	5v1	0否	0	0	0	0	1506	-1	1战斗事件	28执行脚本	0	state_machine.excute("fight_role_controller_battle_formation_info",0,{{1,1,0,1,0,1},{0,0,0,0,0,0}})	0	0	0	0	0	0	0	0	0	0	0	0	0	0	0	0	0
13	3	3战斗开始	5v1	0否	0	0	0	0	-2	-1	1战斗事件	28执行脚本	0	state_machine.excute("window_lock_set_swallow_touches",0,0)	0	0	0	0	0	0	0	0	0	0	0	0	0	0	0	0	0
13	4	3战斗开始	5v1	0否	0	0	0	0	-2	-1	1战斗事件	16返回战斗	0	1	0	0	0	0	0	0	0	0	0	0	0	0	0	0	0	0	0
14	1	3战斗开始	5v2	0否	0	0	0	0	-2	-1	1战斗事件	15开始战斗	0	1	0	0	0	0	0	0	0	0	0	0	0	0	0	0	0	0	0
14	2	3战斗开始	5v2	0否	0	0	0	0	1507	-1	1战斗事件	7对话	0	1	0	104603	猿猴兽	开始了哦，表演时间！！	0	0	0	1122	0	0	0	0	0	0	0	0	0
14	3	3战斗开始	5v2	0否	0	0	0	0	-2	-1	1战斗事件	2切换背景音效	0	13	0	0	0	0	0	0	0	0	0	0	0	0	0	0	0	0	0
14	4	3战斗开始	5v2	0否	0	0	0	0	-2	-1	1战斗事件	5在当前场景背景上面绘制光效	0	sprite/effect_wukongchuchang	270	-50	1	FightQTEControllerClass	0	1	animation	1	0	0	0	0,50	0.5	0.5	0	0	0
14	5	3战斗开始	5v2	0否	0	0	0	0	1508	-1	1战斗事件	28执行脚本	0	state_machine.excute("fight_role_controller_visible_formation",0,{1,"2,4,6",1})	0	0	0	0	0	0	0	0	0	0	0	0	0	0	0	0	0
14	6	3战斗开始	5v2	0否	0	0	0	0	-2	-1	1战斗事件	34战斗继续	0	0	0	0	0	0	0	0	0	0	0	0	0	0	0	0	0	0	0
14	7	3战斗开始	5v2	0否	0	0	0	0	1509	-1	1战斗事件	7对话	4	1	0	1	高石岳	暴龙兽会被打败的！	0	0	0	1123	0	0	0	0	0	0	0	0	0
14	8	3战斗开始	5v2	0否	0	0	0	0	-2	-1	1战斗事件	7对话	4	0	3	1	八神太一	我…相信你！进化吧！暴龙——兽！！！（太一冲向了猿猴兽……）	0	0	0	1124	0	0	0	0	0	0	0	0	0
14	9	3战斗开始	5v2	0否	0	0	0	0	-2	-1	1战斗事件	7对话	4	1	3	104603	猿猴兽	不会让你得逞的哦！	0	0	0	1125	0	0	0	0	0	0	0	0	0
14	10	3战斗开始	5v2	0否	0	0	0	0	-2	-1	1战斗事件	2切换背景音效	4	27	0	0	0	0	0	0	0	0	0	0	0	0	0	0	0	0	0
14	11	3战斗开始	5v2	0否	0	0	0	0	-2	-1	1战斗事件	28执行脚本	4	state_machine.excute("fight_role_controller_visible_formation",0,{0,"2",0})	0	0	0	0	0	0	0	0	0	0	0	0	0	0	0	0	0
14	12	3战斗开始	5v2	0否	0	0	0	0	-2	-1	1战斗事件	5在当前场景背景上面绘制光效	4	sprite/juqing_jinghua	-200	-60	1	FightQTEControllerClass	0	1	animation	1	0	0	0	0,-110	0.5	0.5	0	0	0
14	13	3战斗开始	5v2	0否	0	0	0	0	1510	-1	1战斗事件	48变更战斗角色	4	0	2	17406	0	0	0	0	0	0	0	0	0	0	0	0	0	0	0
14	14	3战斗开始	5v2	0否	0	0	0	0	-2	-1	1战斗事件	28执行脚本	4	state_machine.excute("fight_role_controller_visible_formation",0,{0,"2",1})	0	0	0	0	0	0	0	0	0	0	0	0	0	0	0	0	0
14	15	3战斗开始	5v2	0否	0	0	0	0	-2	-1	1战斗事件	2切换背景音效	4	14	0	0	0	0	0	0	0	0	0	0	0	0	0	0	0	0	0
14	16	3战斗开始	5v2	0否	0	0	0	0	-2	-1	1战斗事件	7对话	4	0	105201	0	甲虫兽	不是吧，那可是丧尸暴龙兽啊！	0	0	0	1128	0	0	0	0	0	0	0	0	0
14	17	3战斗开始	5v2	0否	0	0	0	0	1511	-1	1战斗事件	35增加角色怒气	4	0	2	1000	0	0	0	0	0	0	0	0	0	0	0	0	0	0	0
14	18	3战斗开始	5v2	0否	0	0	0	0	-2	-1	1战斗事件	34战斗继续	4	0	0	0	0	0	0	0	0	0	0	0	0	0	0	0	0	0	0
14	19	3战斗开始	5v2	0否	0	0	0	0	-2	-1	1战斗事件	16返回战斗	4	1	0	0	0	0	0	0	0	0	0	0	0	0	0	0	0	0	0
15	1	4战斗结束	5v2	0否	0	0	0	0	-2	-1	1战斗事件	28执行脚本	0	state_machine.excute("fight_role_controller_visible_formation",0,{0,"2",0})	0	0	0	0	0	0	0	0	0	0	0	0	0	0	0	0	0
15	2	4战斗结束	5v2	0否	0	0	0	0	-2	-1	1战斗事件	5在当前场景背景上面绘制光效	0	sprite/juqing_tuihua	-200	-60	1	FightQTEControllerClass	0	1	animation	1	0	0	0	0,-110	0.5	0.5	0	0	0
15	3	4战斗结束	5v2	0否	0	0	0	0	-2	-1	1战斗事件	48变更战斗角色	0	0	2	17405	0	0	0	0	0	0	0	0	0	0	0	0	0	0	0
15	4	4战斗结束	5v2	0否	0	0	0	0	-2	-1	1战斗事件	28执行脚本	0	state_machine.excute("fight_role_controller_visible_formation",0,{0,"2",1})	0	0	0	0	0	0	0	0	0	0	0	0	0	0	0	0	0
15	5	4战斗结束	5v2	0否	0	0	0	0	1512	-1	1战斗事件	17战斗结束	0	0	0	0	0	0	0	0	0	0	0	0	0	0	0	0	0	0	0
16	1	3战斗开始	6v1	0否	0	0	0	0	-2	-1	1战斗事件	15开始战斗	0	1	0	0	0	0	0	0	0	0	0	0	0	0	0	0	0	0	0
16	2	3战斗开始	6v1	0否	0	0	0	0	1602	-1	1战斗事件	16返回战斗	0	1	0	0	0	0	0	0	0	0	0	0	0	0	0	0	0	0	0
17	1	3战斗开始	6v2	0否	0	0	0	0	-2	-1	1战斗事件	15开始战斗	0	1	0	0	0	0	0	0	0	0	0	0	0	0	0	0	0	0	0
17	2	3战斗开始	6v2	0否	0	0	0	0	1603	-1	1战斗事件	7对话	0	1	0	103004	妖精兽	准备好了就开始修行吧！	0	0	0	1234	0	0	0	0	0	0	0	0	0
17	3	3战斗开始	6v2	0否	0	0	0	0	-2	-1	1战斗事件	16返回战斗	0	1	0	0	0	0	0	0	0	0	0	0	0	0	0	0	0	0	0
18	1	4战斗结束	6v2	0否	0	0	0	0	-2	-1	1战斗事件	7对话	0	1	0	103004	妖精兽	干得好！被选召的孩子们	0	0	0	1235	0	0	0	0	0	0	0	0	0
18	2	4战斗结束	6v2	0否	0	0	0	0	-2	-1	1战斗事件	7对话	0	0	4	103004	八神太一	真的非常感谢！	0	0	0	1236	0	0	0	0	0	0	0	0	0
18	3	4战斗结束	6v2	0否	0	0	0	0	-2	-1	1战斗事件	7对话	0	1	4	103004	妖精兽	嗯……你们的修行，可不是这样就结束了哦！	0	0	0	1237	0	0	0	0	0	0	0	0	0
18	4	4战斗结束	6v2	0否	0	0	0	0	-2	-1	1战斗事件	7对话	0	1	4	103004	妖精兽	人生全是修行！朝着胜利加油吧！	0	0	0	1238	0	0	0	0	0	0	0	0	0
18	5	4战斗结束	6v2	0否	0	0	0	0	1604	-1	1战斗事件	17战斗结束	0	0	0	0	0	0	0	0	0	0	0	0	0	0	0	0	0	0	0
19	1	3战斗开始	7v1	0否	0	0	0	0	1701	-1	1战斗事件	15开始战斗	0	1	0	0	0	0	0	0	0	0	0	0	0	0	0	0	0	0	0
19	2	3战斗开始	7v1	0否	0	0	0	0	-2	-1	1战斗事件	28执行脚本	0	state_machine.excute("fight_role_controller_battle_formation_info",0,{{1,1,1,1,1,1},{0,0,0,0,0,0}})	0	0	0	0	0	0	0	0	0	0	0	0	0	0	0	0	0
19	3	3战斗开始	7v1	0否	0	0	0	0	-2	-1	1战斗事件	28执行脚本	0	state_machine.excute("window_lock_set_swallow_touches",0,0)	0	0	0	0	0	0	0	0	0	0	0	0	0	0	0	0	0
19	4	3战斗开始	7v1	0否	0	0	0	0	-2	-1	1战斗事件	16返回战斗	0	1	0	0	0	0	0	0	0	0	0	0	0	0	0	0	0	0	0
20	1	3战斗开始	7v2	0否	0	0	0	0	-2	-1	1战斗事件	15开始战斗	0	1	0	0	0	0	0	0	0	0	0	0	0	0	0	0	0	0	0
20	2	3战斗开始	7v2	0否	0	0	0	0	-2	-1	1战斗事件	5在当前场景背景上面绘制光效	0	sprite/juqing_fenzishou	0	0	-1	FightQTEControllerClass	1	1	animation	1	0	0	0	0,110	0.5	0.5	0	0	0
20	3	3战斗开始	7v2	0否	0	0	0	0	-2	-1	1战斗事件	7对话	0	1	0	106801	分子兽	终于来了啊！被选召的孩子们	0	0	0	1239	0	0	0	0	0	0	0	0	0
20	4	3战斗开始	7v2	0否	0	0	0	0	-2	-1	1战斗事件	7对话	0	0	5	106801	八神太一	我知道了！那，要怎么帮你？	0	0	0	1240	0	0	0	0	0	0	0	0	0
20	5	3战斗开始	7v2	0否	0	0	0	0	-2	-1	1战斗事件	7对话	0	1	5	106801	分子兽	我希望你能操控手柄帮我解除封印！	0	0	0	1241	0	0	0	0	0	0	0	0	0
20	6	3战斗开始	7v2	0否	0	0	0	0	-2	-1	1战斗事件	7对话	0	0	3	106801	八神太一	好嘞，开始了哦！预备……	0	0	0	1242	0	0	0	0	0	0	0	0	0
20	7	3战斗开始	7v2	0否	0	0	0	0	-2	-1	1战斗事件	5在当前场景背景上面绘制光效	0	sprite/juqing_fenzishou	0	0	0	FightQTEControllerClass	1	1	animation	1	0	0	0	0,110	0.5	0.5	0	0	0
20	8	3战斗开始	7v2	0否	0	0	0	0	-2	-1	1战斗事件	10播放音效	0	1243	0	0	0	0	0	0	0	0	0	0	0	0	0	0	0	0	0
20	9	3战斗开始	7v2	0否	0	0	0	0	-2	-1	1战斗事件	5在当前场景背景上面绘制光效	0	sprite/juqing_fenzishou	0	0	1	FightQTEControllerClass	0	1	animation2	1	0	0	0	0,110	0.5	0.5	0	0	0
20	10	3战斗开始	7v2	0否	0	0	0	0	-2	-1	1战斗事件	28执行脚本	0	state_machine.excute("fight_role_controller_visible_formation",0,{1,"2",1})	0	0	0	0	0	0	0	0	0	0	0	0	0	0	0	0	0
20	11	3战斗开始	7v2	0否	0	0	0	0	-2	-1	1战斗事件	5在当前场景背景上面绘制光效	0	sprite/juqing_fenzishou	0	0	-1	FightQTEControllerClass	1	1	animation1	1	0	0	0	0,110	0.5	0.5	0	0	0
20	12	3战斗开始	7v2	0否	0	0	0	0	-2	-1	1战斗事件	28执行脚本	0	state_machine.excute("fight_role_controller_visible_formation",0,{1,"2,4,6",1})	0	0	0	0	0	0	0	0	0	0	0	0	0	0	0	0	0
20	13	3战斗开始	7v2	0否	0	0	0	0	-2	-1	1战斗事件	34战斗继续	0	0	0	0	0	0	0	0	0	0	0	0	0	0	0	0	0	0	0
20	14	3战斗开始	7v2	0否	0	0	0	0	-2	-1	1战斗事件	5在当前场景背景上面绘制光效	0	sprite/juqing_fenzishou	0	0	0	FightQTEControllerClass	1	1	animation1	1	0	0	0	0,110	0.5	0.5	0	0	0
20	15	3战斗开始	7v2	0否	0	0	0	0	-2	-1	1战斗事件	7对话	1	1	0	106801	分子兽	你们的任务完成了，已经没有利用价值了！	0	0	0	1244	0	0	0	0	0	0	0	0	0
20	16	3战斗开始	7v2	0否	0	0	0	0	1702	-1	1战斗事件	16返回战斗	1	1	0	0	0	0	0	0	0	0	0	0	0	0	0	0	0	0	0
21	1	3战斗开始	8v1	0否	0	0	0	0	1801	-1	1战斗事件	15开始战斗	0	1	0	0	0	0	0	0	0	0	0	0	0	0	0	0	0	0	0
21	2	3战斗开始	8v1	0否	0	0	0	0	-2	-1	1战斗事件	7对话	0	1	0	105003	怪蛙兽	公主殿下——驾到——呱呱！	0	0	0	1151	0	0	0	0	0	0	0	0	0
21	3	3战斗开始	8v1	0否	0	0	0	0	-2	-1	1战斗事件	7对话	0	0	10	105003	八神太一	美美！你在这做什么啊！快，赶紧出发吧！	0	0	0	1152	0	0	0	0	0	0	0	0	0
21	4	3战斗开始	8v1	0否	0	0	0	0	-2	-1	1战斗事件	7对话	0	1	10	22	太刀川美美	什么——？为什么我要出发？…我不去！	0	0	0	1154	0	0	0	0	0	0	0	0	0
21	5	3战斗开始	8v1	0否	0	0	0	0	-2	-1	1战斗事件	7对话	0	1	10	105003	怪蛙兽	可疑的家伙！老实点呱！	0	0	0	1140	0	0	0	0	0	0	0	0	0
21	6	3战斗开始	8v1	0否	0	0	0	0	-2	-1	1战斗事件	28执行脚本	0	state_machine.excute("window_lock_set_swallow_touches",0,0)	0	0	0	0	0	0	0	0	0	0	0	0	0	0	0	0	0
21	7	3战斗开始	8v1	0否	0	0	0	0	-2	-1	1战斗事件	16返回战斗	0	1	0	0	0	0	0	0	0	0	0	0	0	0	0	0	0	0	0
22	1	3战斗开始	9v1	0否	0	0	0	0	1901	-1	1战斗事件	15开始战斗	0	1	0	0	0	0	0	0	0	0	0	0	0	0	0	0	0	0	0
22	2	3战斗开始	9v1	0否	0	0	0	0	-2	-1	1战斗事件	28执行脚本	0	state_machine.excute("fight_role_controller_battle_formation_info",0,{{1,1,1,1,1,1},{0,0,0,0,0,0}})	0	0	0	0	0	0	0	0	0	0	0	0	0	0	0	0	0
22	3	3战斗开始	9v1	0否	0	0	0	0	-2	-1	1战斗事件	28执行脚本	0	state_machine.excute("window_lock_set_swallow_touches",0,0)	0	0	0	0	0	0	0	0	0	0	0	0	0	0	0	0	0
22	4	3战斗开始	9v1	0否	0	0	0	0	-2	-1	1战斗事件	16返回战斗	0	1	0	0	0	0	0	0	0	0	0	0	0	0	0	0	0	0	0
23	1	3战斗开始	9v2	0否	0	0	0	0	1902	-1	1战斗事件	15开始战斗	0	1	0	0	0	0	0	0	0	0	0	0	0	0	0	0	0	0	0
23	2	3战斗开始	9v2	0否	0	0	0	0	-2	-1	1战斗事件	5在当前场景背景上面绘制光效	0	sprite/juqing_shuijiao	230	-60	-1	FightQTEControllerClass	1	1	animation	1	0	0	0	0,110	0.5	0.5	0	0	0
23	3	3战斗开始	9v2	0否	0	0	0	0	-2	-1	1战斗事件	5在当前场景背景上面绘制光效	0	sprite/spirte_juqing6	9999	9999	1	FightQTEControllerClass	0	1	animation	1	0	0	0	0	0.5	0.5	0	0	0
23	4	3战斗开始	9v2	0否	0	0	0	0	-2	-1	1战斗事件	7对话	0	0	21	0	太刀川美美	各位蝌蚪兽和怪蛙兽……太一，丈前辈，亚古兽和哥玛兽……还有巴鲁兽，各位…对不起！	0	0	0	1157	0	0	0	0	0	0	0	0	0
23	5	3战斗开始	9v2	0否	0	0	0	0	-2	-1	1战斗事件	7对话	0	1	21	105002	蝌蚪兽	怎么了，公主殿下？	0	0	0	1158	0	0	0	0	0	0	0	0	0
23	6	3战斗开始	9v2	0否	0	0	0	0	-2	-1	1战斗事件	7对话	0	0	21	105002	太刀川美美	但是我对大家做了那么过分的事，我意识到了！所以……	0	0	0	1159	0	0	0	0	0	0	0	0	0
23	7	3战斗开始	9v2	0否	0	0	0	0	-2	-1	1战斗事件	7对话	0	1	21	105101	巴鲁兽	美美，唱歌吧！	0	0	0	1160	0	0	0	0	0	0	0	0	0
23	8	3战斗开始	9v2	0否	0	0	0	0	-2	-1	1战斗事件	2切换背景音效	0	23	0	0	0	0	0	0	0	0	0	0	0	0	0	0	0	0	0
23	9	3战斗开始	9v2	0否	0	0	0	0	-2	-1	1战斗事件	5在当前场景背景上面绘制光效	0	sprite/spirte_meimeichuxian	0	-60	1	WarshipGirlPushInfoClass	0	1	animation	1	0	0	0	0	0.5	0.5	0	0	0
23	10	3战斗开始	9v2	0否	0	0	0	0	-2	-1	1战斗事件	5在当前场景背景上面绘制光效	0	sprite/spirte_meimei	0	-60	-1	WarshipGirlPushInfoClass	1	1	animation	1	0	0	0	0	0.5	0.5	0	0	0
23	11	3战斗开始	9v2	0否	0	0	0	0	-2	-1	1战斗事件	5在当前场景背景上面绘制光效	0	sprite/spirte_juqing6	9999	9999	8	FightQTEControllerClass	0	1	animation	1	0	0	0	0	0.5	0.5	0	0	0
23	12	3战斗开始	9v2	0否	0	0	0	0	-2	-1	1战斗事件	10播放音效	0	1161	0	0	0	0	0	0	0	0	0	0	0	0	0	0	0	0	0
23	13	3战斗开始	9v2	0否	0	0	0	0	-2	-1	1战斗事件	5在当前场景背景上面绘制光效	0	sprite/juqing_gantanhao	300	100	1	FightQTEControllerClass	0	1	animation	1	0	0	0	0,110	0.5	0.5	0	0	0
23	14	3战斗开始	9v2	0否	0	0	0	0	-2	-1	1战斗事件	7对话	0	1	0	105003	怪蛙兽	殿下快醒了——！！	0	0	0	1162	0	4	0	0	0	0	0	0	0
23	15	3战斗开始	9v2	0否	0	0	0	0	-2	-1	1战斗事件	5在当前场景背景上面绘制光效	0	sprite/juqing_qipao	0	-60	1	FightQTEControllerClass	1	1	animation	1	0	0	0	0	0.5	0.5	0	0	0
23	16	3战斗开始	9v2	0否	0	0	0	0	-2	-1	1战斗事件	5在当前场景背景上面绘制光效	0	sprite/spirte_juqing6	9999	9999	4	FightQTEControllerClass	0	1	animation	1	0	0	0	0	0.5	0.5	0	0	0
23	17	3战斗开始	9v2	0否	0	0	0	0	-2	-1	1战斗事件	10播放音效	0	1161	0	0	0	0	0	0	0	0	0	0	0	0	0	0	0	0	0
23	18	3战斗开始	9v2	0否	0	0	0	0	-2	-1	1战斗事件	5在当前场景背景上面绘制光效	0	sprite/juqing_gantanhao	320	100	1	FightQTEControllerClass	1	1	animation	1	0	0	0	0,110	0.5	0.5	0	0	0
23	19	3战斗开始	9v2	0否	0	0	0	0	-2	-1	1战斗事件	10播放音效	0	1161	0	0	0	0	0	0	0	0	0	0	0	0	0	0	0	0	0
23	20	3战斗开始	9v2	0否	0	0	0	0	-2	-1	1战斗事件	5在当前场景背景上面绘制光效	0	sprite/juqing_gantanhao	400	0	1	FightQTEControllerClass	0	1	animation	1	0	0	0	0,110	0.5	0.5	0	0	0
23	21	3战斗开始	9v2	0否	0	0	0	0	-2	-1	1战斗事件	7对话	0	1	0	105002	蝌蚪兽	太好啦——！	0	0	0	1163	0	3	0	0	0	0	0	0	0
23	22	3战斗开始	9v2	0否	0	0	0	0	-2	-1	1战斗事件	7对话	0	1	0	105003	怪蛙兽	万——岁！	0	0	0	1164	0	3	0	0	0	0	0	0	0
23	23	3战斗开始	9v2	0否	0	0	0	0	-2	-1	1战斗事件	5在当前场景背景上面绘制光效	0	sprite/spirte_juqing6	9999	9999	2	FightQTEControllerClass	0	1	animation	1	0	0	0	0	0.5	0.5	0	0	0
23	24	3战斗开始	9v2	0否	0	0	0	0	-2	-1	1战斗事件	5在当前场景背景上面绘制光效	0	sprite/spirte_meimei	0	-60	0	WarshipGirlPushInfoClass	1	1	animation	1	0	0	0	0	0.5	0.5	0	0	0
23	25	3战斗开始	9v2	0否	0	0	0	0	-2	-1	1战斗事件	5在当前场景背景上面绘制光效	0	sprite/juqing_shuijiao	180	-60	0	FightQTEControllerClass	1	1	animation	1	0	0	0	0,110	0.5	0.5	0	0	0
23	26	3战斗开始	9v2	0否	0	0	0	0	-2	-1	1战斗事件	10播放音效	0	1165	0	0	0	0	0	0	0	0	0	0	0	0	0	0	0	0	0
23	27	3战斗开始	9v2	0否	0	0	0	0	-2	-1	1战斗事件	5在当前场景背景上面绘制光效	0	sprite/juqing_suxing	220	-60	1	FightQTEControllerClass	0	1	animation	1	0	0	0	0,110	0.5	0.5	0	0	0
23	28	3战斗开始	9v2	0否	0	0	0	0	1903	-1	1战斗事件	28执行脚本	0	state_machine.excute("fight_role_controller_visible_formation",0,{1,"2",1})	0	0	0	0	0	0	0	0	0	0	0	0	0	0	0	0	0
23	29	3战斗开始	9v2	0否	0	0	0	0	-2	-1	1战斗事件	2切换背景音效	0	14	0	0	0	0	0	0	0	0	0	0	0	0	0	0	0	0	0
23	30	3战斗开始	9v2	0否	0	0	0	0	-2	-1	1战斗事件	7对话	0	1	0	105004	怪蛙皇	难得睡个好觉，谁把我叫起来——！！	0	0	0	1144	0	0	0	0	0	0	0	0	0
23	31	3战斗开始	9v2	0否	0	0	0	0	-2	-1	1战斗事件	28执行脚本	0	state_machine.excute("window_lock_set_swallow_touches",0,0)	0	0	0	0	0	0	0	0	0	0	0	0	0	0	0	0	0
23	32	3战斗开始	9v2	0否	0	0	0	0	-2	-1	1战斗事件	16返回战斗	0	1	0	0	0	0	0	0	0	0	0	0	0	0	0	0	0	0	0
24	1	3战斗开始	10v1	0否	0	0	0	0	2001	-1	1战斗事件	15开始战斗	0	1	0	0	0	0	0	0	0	0	0	0	0	0	0	0	0	0	0
24	2	3战斗开始	10v1	0否	0	0	0	0	-2	-1	1战斗事件	16返回战斗	0	1	0	0	0	0	0	0	0	0	0	0	0	0	0	0	0	0	0
25	1	3战斗开始	11v1	0否	0	0	0	0	2102	-1	1战斗事件	15开始战斗	0	1	0	0	0	0	0	0	0	0	0	0	0	0	0	0	0	0	0
25	2	3战斗开始	11v1	0否	0	0	0	0	-2	-1	1战斗事件	28执行脚本	0	state_machine.excute("fight_role_controller_battle_formation_info",0,{{1,1,1,1,1,1},{0,0,0,0,0,0}})	0	0	0	0	0	0	0	0	0	0	0	0	0	0	0	0	0
25	3	3战斗开始	11v1	0否	0	0	0	0	-2	-1	1战斗事件	28执行脚本	0	state_machine.excute("window_lock_set_swallow_touches",0,0)	0	0	0	0	0	0	0	0	0	0	0	0	0	0	0	0	0
25	4	3战斗开始	11v1	0否	0	0	0	0	-2	-1	1战斗事件	16返回战斗	0	1	0	0	0	0	0	0	0	0	0	0	0	0	0	0	0	0	0
26	1	3战斗开始	11v2	0否	0	0	0	0	2103	-1	1战斗事件	15开始战斗	0	1	0	0	0	0	0	0	0	0	0	0	0	0	0	0	0	0	0
26	2	3战斗开始	11v2	0否	0	0	0	0	-2	-1	1战斗事件	2切换背景音效	0	25	0	0	0	0	0	0	0	0	0	0	0	0	0	0	0	0	0
26	3	3战斗开始	11v2	0否	0	0	0	0	-2	-1	1战斗事件	5在当前场景背景上面绘制光效	0	sprite/juqing_xixuechuxian	200	-100	1	FightQTEControllerClass	0	1	animation	1	0	0	0	0,110	0.5	0.5	0	0	0
26	4	3战斗开始	11v2	0否	0	0	0	0	-2	-1	1战斗事件	28执行脚本	0	state_machine.excute("fight_role_controller_visible_formation",0,{1,"1,2,3,4,5,6",1})	0	0	0	0	0	0	0	0	0	0	0	0	0	0	0	0	0
26	5	3战斗开始	11v2	0否	0	0	0	0	-2	-1	1战斗事件	2切换背景音效	0	4	0	0	0	0	0	0	0	0	0	0	0	0	0	0	0	0	0
26	6	3战斗开始	11v2	0否	0	0	0	0	-2	-1	1战斗事件	28执行脚本	0	state_machine.excute("fight_role_controller_visible_formation",0,{0,"5",0})	0	0	0	0	0	0	0	0	0	0	0	0	0	0	0	0	0
26	7	3战斗开始	11v2	0否	0	0	0	0	-2	-1	1战斗事件	10播放音效	0	101533	0	0	0	0	0	0	0	0	0	0	0	0	0	0	0	0	0
26	8	3战斗开始	11v2	0否	0	0	0	0	-2	-1	1战斗事件	5在当前场景背景上面绘制光效	0	sprite/juqing_bianfubaduola	-380	-100	1	FightQTEControllerClass	0	1	animation1	1	0	0	0	0,-110	0.5	0.5	0	0	0
26	9	3战斗开始	11v2	0否	0	0	0	0	-2	-1	1战斗事件	5在当前场景背景上面绘制光效	0	sprite/juqing_bianfubaduola	-380	-100	-1	FightQTEControllerClass	1	1	animation2	1	0	0	0	0,-110	0.5	0.5	0	0	0
26	10	3战斗开始	11v2	0否	0	0	0	0	-2	-1	1战斗事件	5在当前场景背景上面绘制光效	0	sprite/spirte_juqing6	9999	9999	1	FightQTEControllerClass	0	1	animation	1	0	0	0	0	0.5	0.5	0	0	0
26	11	3战斗开始	11v2	0否	0	0	0	0	2104	-1	1战斗事件	7对话	0	1	0	101503	吸血魔兽	哼哼哼……只有这个程度吗？	0	0	0	1173	0	0	0	0	0	0	0	0	0
26	12	3战斗开始	11v2	0否	0	0	0	0	-2	-1	1战斗事件	7对话	0	0	7	101503	武之内空	巴多拉兽！！！	0	0	0	1174	0	0	0	0	0	0	0	0	0
26	13	3战斗开始	11v2	0否	0	0	0	0	-2	-1	1战斗事件	10播放音效	0	1175	0	0	0	0	0	0	0	0	0	0	0	0	0	0	0	0	0
26	14	3战斗开始	11v2	0否	0	0	0	0	-2	-1	1战斗事件	5在当前场景背景上面绘制光效	0	sprite/juqing_bianfubaduola	-380	-100	0	FightQTEControllerClass	1	1	animation2	1	0	0	0	0,-110	0.5	0.5	0	0	0
26	15	3战斗开始	11v2	0否	0	0	0	0	-2	-1	1战斗事件	5在当前场景背景上面绘制光效	0	sprite/juqing_bianfubaduola	-380	-100	1	FightQTEControllerClass	0	1	animation3	1	0	0	0	0,-110	0.5	0.5	0	0	0
26	16	3战斗开始	11v2	0否	0	0	0	0	-2	-1	1战斗事件	28执行脚本	0	state_machine.excute("fight_role_controller_visible_formation",0,{0,"5",1})	0	0	0	0	0	0	0	0	0	0	0	0	0	0	0	0	0
26	17	3战斗开始	11v2	0否	0	0	0	0	-2	-1	1战斗事件	7对话	0	1	7	101503	吸血魔兽	这……这道光是……！	0	0	0	1176	0	0	0	0	0	0	0	0	0
26	18	3战斗开始	11v2	0否	0	0	0	0	-2	-1	1战斗事件	28执行脚本	0	state_machine.excute("fight_role_controller_visible_formation",0,{0,"5",0})	0	0	0	0	0	0	0	0	0	0	0	0	0	0	0	0	0
26	19	3战斗开始	11v2	0否	0	0	0	0	-2	-1	1战斗事件	2切换背景音效	0	26	0	0	0	0	0	0	0	0	0	0	0	0	0	0	0	0	0
26	20	3战斗开始	11v2	0否	0	0	0	0	-2	-1	1战斗事件	5在当前场景背景上面绘制光效	0	sprite/juqing_chaojinhua	-250	-60	1	FightQTEControllerClass	0	1	animation	1	0	0	0	0,-110	0.5	0.5	0	0	0
26	21	3战斗开始	11v2	0否	0	0	0	0	2105	-1	1战斗事件	2切换背景音效	0	5	0	0	0	0	0	0	0	0	0	0	0	0	0	0	0	0	0
26	22	3战斗开始	11v2	0否	0	0	0	0	-2	-1	1战斗事件	48变更战斗角色	0	0	5	17408	0	0	0	0	0	0	0	0	0	0	0	0	0	0	0
26	23	3战斗开始	11v2	0否	0	0	0	0	-2	-1	1战斗事件	28执行脚本	0	state_machine.excute("fight_role_controller_visible_formation",0,{0,"5",1})	0	0	0	0	0	0	0	0	0	0	0	0	0	0	0	0	0
26	24	3战斗开始	11v2	0否	0	0	0	0	-2	-1	1战斗事件	35增加角色怒气	0	0	5	1000	0	0	0	0	0	0	0	0	0	0	0	0	0	0	0
26	25	3战斗开始	11v2	0否	0	0	0	0	-2	-1	1战斗事件	7对话	0	0	8	0	武之内空	我的徽章发光了……！	0	0	0	1177	0	0	0	0	0	0	0	0	0
26	26	3战斗开始	11v2	0否	0	0	0	0	-2	-1	1战斗事件	7对话	0	1	8	101503	吸血魔兽	可恶！这么关键的时刻，连爱情的徽章都发光了！	0	0	0	1178	0	0	0	0	0	0	0	0	0
26	27	3战斗开始	11v2	0否	0	0	0	0	-2	-1	1战斗事件	7对话	0	0	103503	101503	伽楼达兽	空由我来保护！	0	0	0	1179	0	0	0	0	0	0	0	0	0
26	28	3战斗开始	11v2	0否	0	0	0	0	2106	-1	1战斗事件	28执行脚本	0	state_machine.excute("window_lock_set_swallow_touches",0,0)	0	0	0	0	0	0	0	0	0	0	0	0	0	0	0	0	0
26	29	3战斗开始	11v2	0否	0	0	0	0	-2	-1	1战斗事件	16返回战斗	0	1	0	0	0	0	0	0	0	0	0	0	0	0	0	0	0	0	0
27	1	4战斗结束	11v2	0否	0	0	0	0	-2	-1	1战斗事件	7对话	0	1	0	101503	吸血魔兽	才那么会儿就天亮了啊……你们捡了一条命，被选召的孩子们！	0	0	0	1180	0	0	0	0	0	0	0	0	0
27	2	4战斗结束	11v2	0否	0	0	0	0	-2	-1	1战斗事件	7对话	0	1	0	101503	吸血魔兽	后会有期了……	0	0	0	1068	0	0	0	0	0	0	0	0	0
27	3	4战斗结束	11v2	0否	0	0	0	0	-2	-1	1战斗事件	7对话	0	0	3	101503	八神太一	等等！	0	0	0	1069	0	0	0	0	0	0	0	0	0
27	4	4战斗结束	11v2	0否	0	0	0	0	-2	-1	1战斗事件	7对话	0	1	3	101503	吸血魔兽	啊哈哈哈哈哈……（消失在黑夜中）	0	0	0	1070	0	0	0	0	0	0	0	0	0
27	5	4战斗结束	11v2	0否	0	0	0	0	2107	-1	1战斗事件	17战斗结束	0	0	0	0	0	0	0	0	0	0	0	0	0	0	0	0	0	0	0
28	1	3战斗开始	12v1	0否	0	0	0	0	2202	-1	1战斗事件	15开始战斗	0	1	0	0	0	0	0	0	0	0	0	0	0	0	0	0	0	0	0
28	2	3战斗开始	12v1	0否	0	0	0	0	-2	-1	1战斗事件	7对话	0	0	3	0	八神太一	快，赶紧去大门那吧！	0	0	0	1023	0	0	0	0	0	0	0	0	0
28	3	3战斗开始	12v1	0否	0	0	0	0	-2	-1	1战斗事件	7对话	0	1	3	104602	大便兽	哟！现在开始这里禁止通行！小子们，上！	0	0	0	1024	0	0	0	0	0	0	0	0	0
28	4	3战斗开始	12v1	0否	0	0	0	0	-2	-1	1战斗事件	16返回战斗	0	1	0	0	0	0	0	0	0	0	0	0	0	0	0	0	0	0	0
29	1	3战斗开始	13v1	0否	0	0	0	0	2301	-1	1战斗事件	15开始战斗	0	1	0	0	0	0	0	0	0	0	0	0	0	0	0	0	0	0	0
29	2	3战斗开始	13v1	0否	0	0	0	0	-2	-1	1战斗事件	28执行脚本	0	state_machine.excute("fight_role_controller_battle_formation_info",0,{{1,1,1,1,1,1},{0,1,0,0,0,0}})	0	0	0	0	0	0	0	0	0	0	0	0	0	0	0	0	0
29	3	3战斗开始	13v1	0否	0	0	0	0	-2	-1	1战斗事件	28执行脚本	0	state_machine.excute("window_lock_set_swallow_touches",0,0)	0	0	0	0	0	0	0	0	0	0	0	0	0	0	0	0	0
29	4	3战斗开始	13v1	0否	0	0	0	0	-2	-1	1战斗事件	16返回战斗	0	1	0	0	0	0	0	0	0	0	0	0	0	0	0	0	0	0	0
30	1	3战斗开始	13v2	0否	0	0	0	0	2302	-1	1战斗事件	15开始战斗	0	1	0	0	0	0	0	0	0	0	0	0	0	0	0	0	0	0	0
30	2	3战斗开始	13v2	0否	0	0	0	0	-2	-1	1战斗事件	5在当前场景背景上面绘制光效	0	sprite/juqing_xxmskm	0	110	1	FightQTEControllerClass	0	1	animation1	1	0	0	0	0,110	0.5	0.5	0	0	0
30	3	3战斗开始	13v2	0否	0	0	0	0	-2	-1	1战斗事件	5在当前场景背景上面绘制光效	0	sprite/juqing_xxmskm	0	110	-1	FightQTEControllerClass	1	1	animation5	1	0	0	0	0,110	0.5	0.5	0	0	0
30	4	3战斗开始	13v2	0否	0	0	0	0	-2	-1	1战斗事件	7对话	0	0	3	0	八神太一	等等——！不会让你们成功的！	0	0	0	1039	0	0	0	0	0	0	0	0	0
30	5	3战斗开始	13v2	0否	0	0	0	0	-2	-1	1战斗事件	7对话	0	1	3	101503	吸血魔兽	终于来了，不过太迟了！好好看看这历史性的瞬间吧！！（开始念开门咒语……）	0	0	0	1040	0	0	0	0	0	0	0	0	0
30	6	3战斗开始	13v2	0否	0	0	0	0	-2	-1	1战斗事件	5在当前场景背景上面绘制光效	0	sprite/juqing_xxmskm	0	110	0	FightQTEControllerClass	1	1	animation5	1	0	0	0	0,110	0.5	0.5	0	0	0
30	7	3战斗开始	13v2	0否	0	0	0	0	-2	-1	1战斗事件	10播放音效	0	1029	0	0	0	0	0	0	0	0	0	0	0	0	0	0	0	0	0
30	8	3战斗开始	13v2	0否	0	0	0	0	-2	-1	1战斗事件	10播放音效	0	1002	0	0	0	0	0	0	0	0	0	0	0	0	0	0	0	0	0
30	9	3战斗开始	13v2	0否	0	0	0	0	-2	-1	1战斗事件	5在当前场景背景上面绘制光效	0	sprite/juqing_xxmskm	0	110	1	FightQTEControllerClass	0	1	animation3	1	0	0	0	0,110	0.5	0.5	0	0	0
30	10	3战斗开始	13v2	0否	0	0	0	0	-2	-1	1战斗事件	5在当前场景背景上面绘制光效	0	sprite/juqing_xxmskm	0	110	-1	FightQTEControllerClass	1	1	animation2	1	0	0	0	0,110	0.5	0.5	0	0	0
30	11	3战斗开始	13v2	0否	0	0	0	0	-2	-1	1战斗事件	10播放音效	0	1004	0	0	0	0	0	0	0	0	0	0	0	0	0	0	0	0	0
30	12	3战斗开始	13v2	0否	0	0	0	0	-2	-1	1战斗事件	5在当前场景背景上面绘制光效	0	sprite/juqing_damen	0	50	1	FightQTEControllerClass	1	1	animation1	1	0	0	0	0,110	0.5	0.5	0	0	0
30	13	3战斗开始	13v2	0否	0	0	0	0	-2	-1	1战斗事件	5在当前场景背景上面绘制光效	0	sprite/juqing_damen	0	50	-1	FightQTEControllerClass	1	1	animation2	1	0	0	0	0,110	0.5	0.5	0	0	0
30	14	3战斗开始	13v2	0否	0	0	0	0	-2	-1	1战斗事件	24等待CD	0	800	0	0	0	0	0	0	0	0	0	0	0	0	0	0	0	0	0
30	15	3战斗开始	13v2	0否	0	0	0	0	-2	-1	1战斗事件	7对话	0	1	0	101503	吸血魔兽	时机成熟了！出发吧！（带领军团进入了大门）	0	0	0	1028	0	0	0	0	0	0	0	0	0
30	16	3战斗开始	13v2	0否	0	0	0	0	-2	-1	1战斗事件	10播放音效	0	1007	0	0	0	0	0	0	0	0	0	0	0	0	0	0	0	0	0
30	17	3战斗开始	13v2	0否	0	0	0	0	-2	-1	1战斗事件	5在当前场景背景上面绘制光效	0	sprite/juqing_xxmskm	0	110	0	FightQTEControllerClass	1	1	animation2	1	0	0	0	0,110	0.5	0.5	0	0	0
30	18	3战斗开始	13v2	0否	0	0	0	0	-2	-1	1战斗事件	5在当前场景背景上面绘制光效	0	sprite/juqing_xxmskm	-80	110	1	FightQTEControllerClass	0	1	animation4	1	0	0	0	0,110	0.5	0.5	0	0	0
30	19	3战斗开始	13v2	0否	0	0	0	0	2303	-1	1战斗事件	24等待CD	0	800	0	0	0	0	0	0	0	0	0	0	0	0	0	0	0	0	0
30	20	3战斗开始	13v2	0否	0	0	0	0	-2	-1	1战斗事件	7对话	0	0	11	0	石田大和	快点！冲进大门！	0	0	0	1041	0	0	0	0	0	0	0	0	0
30	21	3战斗开始	13v2	0否	0	0	0	0	-2	-1	1战斗事件	7对话	0	1	11	103902	迪路兽	不会让你们成功的！！	0	0	0	1042	0	0	0	0	0	0	0	0	0
30	22	3战斗开始	13v2	0否	0	0	0	0	-2	-1	1战斗事件	10播放音效	0	1228	0	0	0	0	0	0	0	0	0	0	0	0	0	0	0	0	0
30	23	3战斗开始	13v2	0否	0	0	0	0	-2	-1	1战斗事件	5在当前场景背景上面绘制光效	0	sprite/juqing_xls	-150	0	1	FightQTEControllerClass	0	1	animation	1	0	0	0	0,110	0.5	0.5	0	0	0
30	24	3战斗开始	13v2	0否	0	0	0	0	2304	-1	1战斗事件	28执行脚本	0	state_machine.excute("fight_role_controller_visible_formation",0,{1,"1,3",1})	0	0	0	0	0	0	0	0	0	0	0	0	0	0	0	0	0
30	25	3战斗开始	13v2	0否	0	0	0	0	-2	-1	1战斗事件	16返回战斗	0	1	0	0	0	0	0	0	0	0	0	0	0	0	0	0	0	0	0
31	1	4战斗结束	13v2	0否	0	0	0	0	-2	-1	1战斗事件	5在当前场景背景上面绘制光效	0	sprite/juqing_damen	0	50	0	FightQTEControllerClass	0	1	animation2	1	0	0	0	0,110	0.5	0.5	0	0	0
31	2	4战斗结束	13v2	0否	0	0	0	0	-2	-1	1战斗事件	10播放音效	0	1004	0	0	0	0	0	0	0	0	0	0	0	0	0	0	0	0	0
31	3	4战斗结束	13v2	0否	0	0	0	0	-2	-1	1战斗事件	5在当前场景背景上面绘制光效	0	sprite/juqing_damen	0	50	1	FightQTEControllerClass	0	1	animation3	1	0	0	0	0,110	0.5	0.5	0	0	0
31	4	4战斗结束	13v2	0否	0	0	0	0	-2	-1	1战斗事件	7对话	0	0	3	0	八神太一	（大门关闭了）可恶——！！这样下去第八个人就危险了……	0	0	0	1043	0	0	0	0	0	0	0	0	0
31	5	4战斗结束	13v2	0否	0	0	0	0	2305	-1	1战斗事件	17战斗结束	0	0	0	0	0	0	0	0	0	0	0	0	0	0	0	0	0	0	0
32	1	3战斗开始	14v2	0否	0	0	0	0	2401	-1	1战斗事件	15开始战斗	0	1	0	0	0	0	0	0	0	0	0	0	0	0	0	0	0	0	0
32	2	3战斗开始	14v2	0否	0	0	0	0	-2	-1	1战斗事件	7对话	0	1	0	104403	蜘蛛兽	扰乱吸血魔兽大人城堡的人都要死！	0	0	0	1048	0	0	0	0	0	0	0	0	0
32	3	3战斗开始	14v2	0否	0	0	0	0	-2	-1	1战斗事件	16返回战斗	0	1	0	0	0	0	0	0	0	0	0	0	0	0	0	0	0	0	0
33	1	4战斗结束	14v2	0否	0	0	0	0	-2	-1	1战斗事件	10播放音效	0	1004	0	0	0	0	0	0	0	0	0	0	0	0	0	0	0	0	0
33	2	4战斗结束	14v2	0否	0	0	0	0	-2	-1	1战斗事件	5在当前场景背景上面绘制光效	0	sprite/juqing_damen	0	50	1	FightQTEControllerClass	0	1	animation1	1	0	0	0	0,110	0.5	0.5	0	0	0
33	3	4战斗结束	14v2	0否	0	0	0	0	-2	-1	1战斗事件	5在当前场景背景上面绘制光效	0	sprite/juqing_damen	0	50	-1	FightQTEControllerClass	1	1	animation2	1	0	0	0	0,110	0.5	0.5	0	0	0
33	4	4战斗结束	14v2	0否	0	0	0	0	-2	-1	1战斗事件	7对话	0	0	3	0	八神太一	快，大家进入大门吧！	0	0	0	1050	0	0	0	0	0	0	0	0	0
33	5	4战斗结束	14v2	0否	0	0	0	0	-2	-1	1战斗事件	7对话	0	1	3	8	众人	好！！！	0	0	0	1049	0	0	0	0	0	0	0	0	0
33	6	4战斗结束	14v2	0否	0	0	0	0	2402	-1	1战斗事件	17战斗结束	0	0	0	0	0	0	0	0	0	0	0	0	0	0	0	0	0	0	0
34	1	4战斗结束	15v2	0否	0	0	0	0	-2	-1	1战斗事件	7对话	0	0	9	0	泉光子郎	总算是打倒它了，但是……	0	0	0	1057	0	0	0	0	0	0	0	0	0
34	2	4战斗结束	15v2	0否	0	0	0	0	-2	-1	1战斗事件	7对话	0	1	9	11	石田大和	这样下去可能会出现大骚动的啊！	0	0	0	1058	0	0	0	0	0	0	0	0	0
34	3	4战斗结束	15v2	0否	0	0	0	0	-2	-1	1战斗事件	7对话	0	0	3	11	八神太一	一定要找到第八个被选召的孩子，比那些家伙更快找到，我们的同伴！	0	0	0	1059	0	0	0	0	0	0	0	0	0
34	4	4战斗结束	15v2	0否	0	0	0	0	2501	-1	1战斗事件	17战斗结束	0	0	0	0	0	0	0	0	0	0	0	0	0	0	0	0	0	0	0
35	1	4战斗结束	16v2	0否	0	0	0	0	-2	-1	1战斗事件	7对话	0	1	0	100602	巫师兽	嘉儿就是第八个被选召的孩子……	0	0	0	1065	0	0	0	0	0	0	0	0	0
35	2	4战斗结束	16v2	0否	0	0	0	0	-2	-1	1战斗事件	7对话	0	1	0	103902	迪路兽	嗯……我一直在等第八个被选召的孩子……嘉儿，我一直在等你啊！	0	0	0	1066	0	0	0	0	0	0	0	0	0
35	3	4战斗结束	16v2	0否	0	0	0	0	-2	-1	1战斗事件	7对话	0	0	23	103902	八神嘉儿	迪路兽是嘉儿的数码宝贝啊！	0	0	0	1067	0	0	0	0	0	0	0	0	0
35	4	4战斗结束	16v2	0否	0	0	0	0	2503	-1	1战斗事件	17战斗结束	0	0	0	0	0	0	0	0	0	0	0	0	0	0	0	0	0	0	0
36	1	3战斗开始	17v2	0否	0	0	0	0	2505	-1	1战斗事件	15开始战斗	0	1	0	0	0	0	0	0	0	0	0	0	0	0	0	0	0	0	0
36	2	3战斗开始	17v2	0否	0	0	0	0	-2	-1	1战斗事件	7对话	0	1	0	101501	小恶魔兽	吸血魔兽大人！第八个孩子找到了！	0	0	0	1073	0	0	0	0	0	0	0	0	0
36	3	3战斗开始	17v2	0否	0	0	0	0	-2	-1	1战斗事件	7对话	0	0	103902	101501	迪路兽	糟了，嘉儿有危险！！！	0	0	0	1074	0	0	0	0	0	0	0	0	0
36	4	3战斗开始	17v2	0否	0	0	0	0	-2	-1	1战斗事件	7对话	0	1	103902	101503	吸血魔兽	原来第八个孩子叫嘉儿，先把你收拾掉！！	0	0	0	1075	0	0	0	0	0	0	0	0	0
36	5	3战斗开始	17v2	0否	0	0	0	0	-2	-1	1战斗事件	28执行脚本	0	state_machine.excute("fight_role_controller_visible_formation",0,{1,"2",0})	0	0	0	0	0	0	0	0	0	0	0	0	0	0	0	0	0
36	6	3战斗开始	17v2	0否	0	0	0	0	-2	-1	1战斗事件	2切换背景音效	0	28	0	0	0	0	0	0	0	0	0	0	0	0	0	0	0	0	0
36	7	3战斗开始	17v2	0否	0	0	0	0	-2	-1	1战斗事件	5在当前场景背景上面绘制光效	0	sprite/juqing_killwsl	0	0	1	WarshipGirlPushInfoClass	0	1	animation	1	0	0	0	0,-110	0.5	0.5	0	0	0
36	8	3战斗开始	17v2	0否	0	0	0	0	-2	-1	1战斗事件	2切换背景音效	0	29	0	0	0	0	0	0	0	0	0	0	0	0	0	0	0	0	0
36	9	3战斗开始	17v2	0否	0	0	0	0	-2	-1	1战斗事件	28执行脚本	0	state_machine.excute("fight_role_controller_visible_formation",0,{1,"2",1})	0	0	0	0	0	0	0	0	0	0	0	0	0	0	0	0	0
36	10	3战斗开始	17v2	0否	0	0	0	0	-2	-1	1战斗事件	10播放音效	0	31	0	0	0	0	0	0	0	0	0	0	0	0	0	0	0	0	0
36	11	3战斗开始	17v2	0否	0	0	0	0	-2	-1	1战斗事件	5在当前场景背景上面绘制光效	0	sprite/juqing_jibaiwss	0	0	1	FightQTEControllerClass	0	1	animation1	1	0	0	0	0,-110	0.5	0.5	0	0	0
36	12	3战斗开始	17v2	0否	0	0	0	0	-2	-1	1战斗事件	5在当前场景背景上面绘制光效	0	sprite/juqing_jibaiwss	0	0	-1	FightQTEControllerClass	1	1	animation2	1	0	0	0	0,-110	0.5	0.5	0	0	0
36	13	3战斗开始	17v2	0否	0	0	0	0	2506	-1	1战斗事件	7对话	0	1	0	100602	巫师兽	没事吧？迪路兽……	0	0	0	1245	0	0	0	0	0	0	0	0	0
36	14	3战斗开始	17v2	0否	0	0	0	0	-2	-1	1战斗事件	7对话	0	0	103902	100602	迪路兽	巫师兽……	0	0	0	1246	0	0	0	0	0	0	0	0	0
36	15	3战斗开始	17v2	0否	0	0	0	0	-2	-1	1战斗事件	7对话	0	1	103902	100602	巫师兽	如果没有遇见你，我就只是在延续没有意义的生命而已……	0	0	0	1247	0	0	0	0	0	0	0	0	0
36	16	3战斗开始	17v2	0否	0	0	0	0	-2	-1	1战斗事件	7对话	0	1	103902	100602	巫师兽	遇见你真是太好了……谢谢……	0	0	0	1248	0	0	0	0	0	0	0	0	0
36	17	3战斗开始	17v2	0否	0	0	0	0	-2	-1	1战斗事件	7对话	0	0	25	100602	八神嘉儿	不要啊……巫师兽……不要啊！！	0	0	0	1249	0	0	0	0	0	0	0	0	0
36	18	3战斗开始	17v2	0否	0	0	0	0	-2	-1	1战斗事件	2切换背景音效	0	30	0	0	0	0	0	0	0	0	0	0	0	0	0	0	0	0	0
36	19	3战斗开始	17v2	0否	0	0	0	0	-2	-1	1战斗事件	5在当前场景背景上面绘制光效	0	sprite/juqing_jibaiwss	0	0	0	FightQTEControllerClass	1	1	animation2	1	0	0	0	0,-110	0.5	0.5	0	0	0
36	20	3战斗开始	17v2	0否	0	0	0	0	-2	-1	1战斗事件	5在当前场景背景上面绘制光效	0	sprite/juqing_dlschaojinhua	0	0	1	WarshipGirlPushInfoClass	0	1	animation	1	0	0	0	0	0.5	0.5	0	0	0
36	21	3战斗开始	17v2	0否	0	0	0	0	2507	-1	1战斗事件	48变更战斗角色	0	0	2	17421	0	0	0	0	0	0	0	0	0	0	0	0	0	0	0
36	22	3战斗开始	17v2	0否	0	0	0	0	-2	-1	1战斗事件	2切换背景音效	0	5	0	0	0	0	0	0	0	0	0	0	0	0	0	0	0	0	0
36	23	3战斗开始	17v2	0否	0	0	0	0	-2	-1	1战斗事件	7对话	0	0	103903	0	天女兽	吸血魔兽……你不但阻挠了被选召的孩子……	0	0	0	1250	0	0	0	0	0	0	0	0	0
36	24	3战斗开始	17v2	0否	0	0	0	0	-2	-1	1战斗事件	7对话	0	0	103903	0	天女兽	还侵蚀现实世界，最后还残害了我的朋友巫师兽！知罪吧！！！	0	0	0	1251	0	0	0	0	0	0	0	0	0
36	25	3战斗开始	17v2	0否	0	0	0	0	-2	-1	1战斗事件	35增加角色怒气	0	0	2	1000	0	0	0	0	0	0	0	0	0	0	0	0	0	0	0
36	26	3战斗开始	17v2	0否	0	0	0	0	-2	-1	1战斗事件	28执行脚本	0	state_machine.excute("window_lock_set_swallow_touches",0,0)	0	0	0	0	0	0	0	0	0	0	0	0	0	0	0	0	0
36	27	3战斗开始	17v2	0否	0	0	0	0	-2	-1	1战斗事件	16返回战斗	0	1	0	0	0	0	0	0	0	0	0	0	0	0	0	0	0	0	0
37	1	3战斗开始	18v1	0否	0	0	0	0	2508	-1	1战斗事件	15开始战斗	0	1	0	0	0	0	0	0	0	0	0	0	0	0	0	0	0	0	0
37	2	3战斗开始	18v1	0否	0	0	0	0	-2	-1	1战斗事件	16返回战斗	0	1	0	0	0	0	0	0	0	0	0	0	0	0	0	0	0	0	0
38	1	3战斗开始	19v2	0否	0	0	0	0	2509	-1	1战斗事件	15开始战斗	0	1	0	0	0	0	0	0	0	0	0	0	0	0	0	0	0	0	0
38	2	3战斗开始	19v2	0否	0	0	0	0	-2	-1	1战斗事件	2切换背景音效	0	14	0	0	0	0	0	0	0	0	0	0	0	0	0	0	0	0	0
38	3	3战斗开始	19v2	0否	0	0	0	0	-2	-1	1战斗事件	7对话	0	1	0	101504	究极吸血魔兽	嘿嘿……我要吃掉你们！	0	0	0	1252	0	0	0	0	0	0	0	0	0
38	4	3战斗开始	19v2	0否	0	0	0	0	-2	-1	1战斗事件	16返回战斗	0	1	0	0	0	0	0	0	0	0	0	0	0	0	0	0	0	0	0
39	1	4战斗结束	21v2	0否	0	0	0	0	-2	-1	1战斗事件	7对话	0	0	3	0	八神太一	回去看看吧，再次回到数码宝贝世界！	0	0	0	1256	0	0	0	0	0	0	0	0	0
39	2	4战斗结束	21v2	0否	0	0	0	0	-2	-1	1战斗事件	7对话	0	1	3	16	城户丈	第一次去数码宝贝世界的时候，是由神圣计划带我们去的……	0	0	0	1257	0	0	0	0	0	0	0	0	0
39	3	4战斗结束	21v2	0否	0	0	0	0	-2	-1	1战斗事件	7对话	0	0	3	16	八神太一	好的！大家把神圣计划拿出来吧！	0	0	0	1258	0	0	0	0	0	0	0	0	0
39	4	4战斗结束	21v2	0否	0	0	0	0	-2	-1	1战斗事件	10播放音效	0	1228	0	0	0	0	0	0	0	0	0	0	0	0	0	0	0	0	0
39	5	4战斗结束	21v2	0否	0	0	0	0	-2	-1	1战斗事件	5在当前场景背景上面绘制光效	0	sprite/juqing_ssjh	200	0	1	WarshipGirlPushInfoClass	0	1	animation1	1	0	0	0	0,110	0.5	0.5	0	0	0
39	6	4战斗结束	21v2	0否	0	0	0	0	-2	-1	1战斗事件	5在当前场景背景上面绘制光效	0	sprite/juqing_ssjh	200	0	-1	FightQTEControllerClass	1	1	animation2	1	0	0	0	0,110	0.5	0.5	0	0	0
39	7	4战斗结束	21v2	0否	0	0	0	0	-2	-1	1战斗事件	7对话	0	0	5	0	八神太一	拜托了！请把我们再次带到数码宝贝世界去吧！（孩子们消失在神圣计划的光芒中……）	0	0	0	1259	0	0	0	0	0	0	0	0	0
39	8	4战斗结束	21v2	0否	0	0	0	0	2602	-1	1战斗事件	17战斗结束	0	0	0	0	0	0	0	0	0	0	0	0	0	0	0	0	0	0	0
40	1	4战斗结束	23v2	0否	0	0	0	0	-2	-1	1战斗事件	7对话	0	0	105101	0	巴鲁兽	你不是芝蒙兽吗！	0	0	0	1263	0	0	0	0	0	0	0	0	0
40	2	4战斗结束	23v2	0否	0	0	0	0	-2	-1	1战斗事件	7对话	0	1	105101	104601	芝蒙兽	黑暗之力笼罩了世界，他们把世界重塑成更容易让自己支配的样子……	0	0	0	1264	0	0	0	0	0	0	0	0	0
40	3	4战斗结束	23v2	0否	0	0	0	0	-2	-1	1战斗事件	7对话	0	0	3	104601	八神太一	我们的对手就是那个黑暗四天王吗！！！	0	0	0	1265	0	0	0	0	0	0	0	0	0
40	4	4战斗结束	23v2	0否	0	0	0	0	2604	-1	1战斗事件	17战斗结束	0	0	0	0	0	0	0	0	0	0	0	0	0	0	0	0	0	0	0
41	1	4战斗结束	25v2	0否	0	0	0	0	-2	-1	1战斗事件	7对话	0	1	0	100904	小丑皇	哼……哼哼哼哼哼……	0	0	0	1266	0	0	0	0	0	0	0	0	0
41	2	4战斗结束	25v2	0否	0	0	0	0	-2	-1	1战斗事件	7对话	0	0	104601	100904	芝蒙兽	黑…黑暗四天王！	0	0	0	1267	0	0	0	0	0	0	0	0	0
41	3	4战斗结束	25v2	0否	0	0	0	0	-2	-1	1战斗事件	7对话	0	1	104601	100904	小丑皇	……真是有活力的孩子们……稍微陪你们玩玩吧……	0	0	0	1268	0	0	0	0	0	0	0	0	0
41	4	4战斗结束	25v2	0否	0	0	0	0	2605	-1	1战斗事件	17战斗结束	0	0	0	0	0	0	0	0	0	0	0	0	0	0	0	0	0	0	0
42	1	3战斗开始	27v2	0否	0	0	0	0	-2	-1	1战斗事件	15开始战斗	0	1	0	0	0	0	0	0	0	0	0	0	0	0	0	0	0	0	0
42	2	3战斗开始	27v2	0否	0	0	0	0	-2	-1	1战斗事件	2切换背景音效	0	14	0	0	0	0	0	0	0	0	0	0	0	0	0	0	0	0	0
42	3	3战斗开始	27v2	0否	0	0	0	0	-2	-1	1战斗事件	34战斗继续	0	0	0	0	0	0	0	0	0	0	0	0	0	0	0	0	0	0	0
42	4	3战斗开始	27v2	0否	0	0	0	0	-2	-1	1战斗事件	7对话	8	1	0	100904	小丑皇	同样是究极体，你们就算进化成功了也太弱了……	0	0	0	1271	0	0	0	0	0	0	0	0	0
42	5	3战斗开始	27v2	0否	0	0	0	0	-2	-1	1战斗事件	7对话	8	0	3	100904	八神太一	可恶……！你们！我绝对不会原谅你们！	0	0	0	1272	0	0	0	0	0	0	0	0	0
42	6	3战斗开始	27v2	0否	0	0	0	0	-2	-1	1战斗事件	28执行脚本	8	state_machine.excute("fight_role_controller_visible_formation",0,{0,"1,2,3,4,5,6",0})	0	0	0	0	0	0	0	0	0	0	0	0	0	0	0	0	0
42	7	3战斗开始	27v2	0否	0	0	0	0	-2	-1	1战斗事件	48变更战斗角色	8	0	5	17425	0	0	0	0	0	0	0	0	0	0	0	0	0	0	0
42	8	3战斗开始	27v2	0否	0	0	0	0	-2	-1	1战斗事件	2切换背景音效	8	31	0	0	0	0	0	0	0	0	0	0	0	0	0	0	0	0	0
42	9	3战斗开始	27v2	0否	0	0	0	0	-2	-1	1战斗事件	5在当前场景背景上面绘制光效	8	sprite/juqing_aomijia	0	0	1	WarshipGirlPushInfoClass	0	1	animation	1	0	0	0	0	0.5	0.5	0	0	0
42	10	3战斗开始	27v2	0否	0	0	0	0	-2	-1	1战斗事件	28执行脚本	8	state_machine.excute("fight_role_controller_visible_formation",0,{0,"5",1})	0	0	0	0	0	0	0	0	0	0	0	0	0	0	0	0	0
42	11	3战斗开始	27v2	0否	0	0	0	0	-2	-1	1战斗事件	2切换背景音效	8	5	0	0	0	0	0	0	0	0	0	0	0	0	0	0	0	0	0
42	12	3战斗开始	27v2	0否	0	0	0	0	-2	-1	1战斗事件	7对话	8	0	108001	0	奥米加兽	我是奥米加兽！为了朋友的坚定羁绊而来！我的任务是消灭黑暗！	0	0	0	1008	0	0	0	0	0	0	0	0	0
42	13	3战斗开始	27v2	0否	0	0	0	0	-2	-1	1战斗事件	35增加角色怒气	8	0	5	1000	0	0	0	0	0	0	0	0	0	0	0	0	0	0	0
42	14	3战斗开始	27v2	0否	0	0	0	0	-2	-1	1战斗事件	28执行脚本	8	state_machine.excute("window_lock_set_swallow_touches",0,0)	0	0	0	0	0	0	0	0	0	0	0	0	0	0	0	0	0
42	15	3战斗开始	27v2	0否	0	0	0	0	2607	-1	1战斗事件	16返回战斗	8	1	0	0	0	0	0	0	0	0	0	0	0	0	0	0	0	0	0
43	1	3战斗开始	30v1	0否	0	0	0	0	-2	-1	1战斗事件	15开始战斗	0	1	0	0	0	0	0	0	0	0	0	0	0	0	0	0	0	0	0
43	2	3战斗开始	30v1	0否	0	0	0	0	-2	-1	1战斗事件	16返回战斗	0	1	0	0	0	0	0	0	0	0	0	0	0	0	0	0	0	0	0
44	1	3战斗开始	30v3	0否	0	0	0	0	-2	-1	1战斗事件	15开始战斗	0	1	0	0	0	0	0	0	0	0	0	0	0	0	0	0	0	0	0
44	2	3战斗开始	30v3	0否	0	0	0	0	-2	-1	1战斗事件	7对话	0	1	0	107701	亚路加兽	这里是夺取你们力量的地方，死亡之家！	0	0	0	1275	0	0	0	0	0	0	0	0	0
44	3	3战斗开始	30v3	0否	0	0	0	0	-2	-1	1战斗事件	7对话	0	1	0	107701	亚路加兽	你们的力量我也收下了！	0	0	0	1276	0	0	0	0	0	0	0	0	0
44	4	3战斗开始	30v3	0否	0	0	0	0	-2	-1	1战斗事件	16返回战斗	0	1	0	0	0	0	0	0	0	0	0	0	0	0	0	0	0	0	0
45	1	4战斗结束	30v3	0否	0	0	0	0	-2	-1	1战斗事件	7对话	0	1	0	107701	亚路加兽	亚路……加兽……（晕了过去）	0	0	0	1279	0	0	0	0	0	0	0	0	0
45	2	4战斗结束	30v3	0否	0	0	0	0	-2	-1	1战斗事件	7对话	0	1	0	107801	巨鲸兽	大家，不好了！再过一会钢铁海龙兽就要来了！	0	0	0	1277	0	0	0	0	0	0	0	0	0
45	3	4战斗结束	30v3	0否	0	0	0	0	-2	-1	1战斗事件	7对话	0	0	7	107801	武之内空	我们和巨鲸兽一起走吧！	0	0	0	1278	0	0	0	0	0	0	0	0	0
45	4	4战斗结束	30v3	0否	0	0	0	0	-2	-1	1战斗事件	7对话	0	1	0	103204	钢铁海龙兽	切！逃走了啊……	0	0	0	1280	0	0	0	0	0	0	0	0	0
45	5	4战斗结束	30v3	0否	0	0	0	0	-2	-1	1战斗事件	17战斗结束	0	0	0	0	0	0	0	0	0	0	0	0	0	0	0	0	0	0	0
46	1	3战斗开始	37v3	0否	0	0	0	0	-2	-1	1战斗事件	15开始战斗	0	1	0	0	0	0	0	0	0	0	0	0	0	0	0	0	0	0	0
46	2	3战斗开始	37v3	0否	0	0	0	0	-2	-1	1战斗事件	7对话	0	1	0	103204	钢铁海龙兽	选择这里作为你们的坟墓了吗？被选召的孩子们！	0	0	0	1288	0	0	0	0	0	0	0	0	0
46	3	3战斗开始	37v3	0否	0	0	0	0	-2	-1	1战斗事件	16返回战斗	0	1	0	0	0	0	0	0	0	0	0	0	0	0	0	0	0	0	0
47	1	4战斗结束	37v3	0否	0	0	0	0	-2	-1	1战斗事件	7对话	0	1	0	103204	钢铁海龙兽	唔……真是无谓的挣扎！！那么，下面就轮到你们了！	0	0	0	1012	0	0	0	0	0	0	0	0	0
47	2	4战斗结束	37v3	0否	0	0	0	0	-2	-1	1战斗事件	7对话	0	0	101304	103204	战斗暴龙兽	住手！！！	0	0	0	1013	0	0	0	0	0	0	0	0	0
47	3	4战斗结束	37v3	0否	0	0	0	0	-2	-1	1战斗事件	2切换背景音效	0	21	0	0	0	0	0	0	0	0	0	0	0	0	0	0	0	0	0
47	4	4战斗结束	37v3	0否	0	0	0	0	-2	-1	1战斗事件	5在当前场景背景上面绘制光效	0	sprite/juqing_gthls	0	0	1	WarshipGirlPushInfoClass	0	1	animation	1	0	0	0	0,110	0.5	0.5	0	0	0
47	5	4战斗结束	37v3	0否	0	0	0	0	-2	-1	1战斗事件	7对话	0	1	0	103204	钢铁海龙兽	呀啊啊啊啊啊啊——！！	0	0	0	1289	0	6	0	0	0	0	0	0	0
47	6	4战斗结束	37v3	0否	0	0	0	0	-2	-1	1战斗事件	2切换背景音效	0	5	0	0	0	0	0	0	0	0	0	0	0	0	0	0	0	0	0
47	7	4战斗结束	37v3	0否	0	0	0	0	-2	-1	1战斗事件	7对话	0	0	8	103204	武之内空	海正在从螺旋山上……（螺旋山上的海正在逐渐消失）	0	0	0	1290	0	0	0	0	0	0	0	0	0
47	8	4战斗结束	37v3	0否	0	0	0	0	-2	-1	1战斗事件	7对话	0	1	8	104501	哥玛兽	因为打败了支配海水的钢铁海龙兽！	0	0	0	1291	0	0	0	0	0	0	0	0	0
47	9	4战斗结束	37v3	0否	0	0	0	0	-2	-1	1战斗事件	7对话	0	0	4	104501	八神太一	我们的胜利使螺旋山的黑暗力量消失了！	0	0	0	1292	0	0	0	0	0	0	0	0	0
47	10	4战斗结束	37v3	0否	0	0	0	0	-2	-1	1战斗事件	17战斗结束	0	0	0	0	0	0	0	0	0	0	0	0	0	0	0	0	0	0	0
48	1	3战斗开始	39v1	0否	0	0	0	0	-2	-1	1战斗事件	15开始战斗	0	1	0	0	0	0	0	0	0	0	0	0	0	0	0	0	0	0	0
48	2	3战斗开始	39v1	0否	0	0	0	0	-2	-1	1战斗事件	7对话	0	0	5	0	八神太一	我说……空，这里是不是看上去有点眼熟！	0	0	0	1295	0	0	0	0	0	0	0	0	0
48	3	3战斗开始	39v1	0否	0	0	0	0	-2	-1	1战斗事件	7对话	0	1	5	6	武之内空	的确啊……这里是不是森林的入口啊？？？	0	0	0	1296	0	0	0	0	0	0	0	0	0
48	4	3战斗开始	39v1	0否	0	0	0	0	-2	-1	1战斗事件	7对话	0	1	5	20	泉光子郎	可能是黑暗四天王中的谁在捣鬼！	0	0	0	1297	0	0	0	0	0	0	0	0	0
48	5	3战斗开始	39v1	0否	0	0	0	0	-2	-1	1战斗事件	16返回战斗	0	1	0	0	0	0	0	0	0	0	0	0	0	0	0	0	0	0	0
49	1	4战斗结束	39v3	0否	0	0	0	0	-2	-1	1战斗事件	7对话	0	0	6	0	武之内空	一定是想把我们分散，趁机打过来……	0	0	0	1298	0	0	0	0	0	0	0	0	0
49	2	4战斗结束	39v3	0否	0	0	0	0	-2	-1	1战斗事件	7对话	0	0	3	0	八神太一	那么，更应该尽可能的赶快去和大家会合吧！	0	0	0	1299	0	0	0	0	0	0	0	0	0
49	3	4战斗结束	39v3	0否	0	0	0	0	-2	-1	1战斗事件	17战斗结束	0	0	0	0	0	0	0	0	0	0	0	0	0	0	0	0	0	0	0
50	1	4战斗结束	41v3	0否	0	0	0	0	-2	-1	1战斗事件	2切换背景音效	0	4	0	0	0	0	0	0	0	0	0	0	0	0	0	0	0	0	0
50	2	4战斗结束	41v3	0否	0	0	0	0	-2	-1	1战斗事件	10播放音效	0	1011	0	0	0	0	0	0	0	0	0	0	0	0	0	0	0	0	0
50	3	4战斗结束	41v3	0否	0	0	0	0	-2	-1	1战斗事件	5在当前场景背景上面绘制光效	0	sprite/juqing_muoushou	0	0	1	WarshipGirlPushInfoClass	0	1	animation1	1	0	0	0	0	0.5	0.5	0	0	0
50	4	4战斗结束	41v3	0否	0	0	0	0	-2	-1	1战斗事件	5在当前场景背景上面绘制光效	0	sprite/juqing_muoushou	0	0	-1	FightQTEControllerClass	1	1	animation2	1	0	0	0	0,110	0.5	0.5	0	0	0
50	5	4战斗结束	41v3	0否	0	0	0	0	-2	-1	1战斗事件	7对话	0	1	0	102204	木偶兽	来——玩——吧——！！	0	0	0	1300	0	0	0	0	0	0	0	0	0
50	6	4战斗结束	41v3	0否	0	0	0	0	-2	-1	1战斗事件	7对话	0	0	2	102204	高石岳	啊！！你是！！！	0	0	0	1301	0	0	0	0	0	0	0	0	0
50	7	4战斗结束	41v3	0否	0	0	0	0	-2	-1	1战斗事件	7对话	0	1	2	102204	木偶兽	嗯——你是叫岳是吗？我说，你要不要和我一起玩战争游戏？	0	0	0	1302	0	0	0	0	0	0	0	0	0
50	8	4战斗结束	41v3	0否	0	0	0	0	-2	-1	1战斗事件	17战斗结束	0	0	0	0	0	0	0	0	0	0	0	0	0	0	0	0	0	0	0
51	1	3战斗开始	43v3	0否	0	0	0	0	-2	-1	1战斗事件	15开始战斗	0	1	0	0	0	0	0	0	0	0	0	0	0	0	0	0	0	0	0
51	2	3战斗开始	43v3	0否	0	0	0	0	-2	-1	1战斗事件	7对话	0	1	0	11	石田大和	太一，岳被木偶兽抓走了！	0	0	0	1303	0	0	0	0	0	0	0	0	0
51	3	3战斗开始	43v3	0否	0	0	0	0	-2	-1	1战斗事件	7对话	0	0	3	11	八神太一	木偶兽和岳，在哪里？！	0	0	0	1304	0	0	0	0	0	0	0	0	0
51	4	3战斗开始	43v3	0否	0	0	0	0	-2	-1	1战斗事件	7对话	0	1	3	105403	奇鸟兽	现在是木偶兽大人的游戏时间，请别去打扰！	0	0	0	1305	0	0	0	0	0	0	0	0	0
51	5	3战斗开始	43v3	0否	0	0	0	0	-2	-1	1战斗事件	16返回战斗	0	1	0	0	0	0	0	0	0	0	0	0	0	0	0	0	0	0	0
52	1	3战斗开始	47v1	0否	0	0	0	0	-2	-1	1战斗事件	15开始战斗	0	1	0	0	0	0	0	0	0	0	0	0	0	0	0	0	0	0	0
52	2	3战斗开始	47v1	0否	0	0	0	0	-2	-1	1战斗事件	16返回战斗	0	1	0	0	0	0	0	0	0	0	0	0	0	0	0	0	0	0	0
53	1	3战斗开始	47v3	0否	0	0	0	0	-2	-1	1战斗事件	15开始战斗	0	1	0	0	0	0	0	0	0	0	0	0	0	0	0	0	0	0	0
53	2	3战斗开始	47v3	0否	0	0	0	0	-2	-1	1战斗事件	7对话	0	1	0	102204	木偶兽	破坏了我的玩具……还逃走了……	0	0	0	1312	0	0	0	0	0	0	0	0	0
53	3	3战斗开始	47v3	0否	0	0	0	0	-2	-1	1战斗事件	7对话	0	1	0	102204	木偶兽	真是的——我生气了——！！！	0	0	0	1313	0	0	0	0	0	0	0	0	0
53	4	3战斗开始	47v3	0否	0	0	0	0	-2	-1	1战斗事件	16返回战斗	0	1	0	0	0	0	0	0	0	0	0	0	0	0	0	0	0	0	0
54	1	3战斗开始	48v1	0否	0	0	0	0	-2	-1	1战斗事件	15开始战斗	0	1	0	0	0	0	0	0	0	0	0	0	0	0	0	0	0	0	0
54	2	3战斗开始	48v1	0否	0	0	0	0	-2	-1	1战斗事件	7对话	0	1	0	102204	木偶兽	我们来玩猜猜看游戏——！	0	0	0	1314	0	0	0	0	0	0	0	0	0
54	3	3战斗开始	48v1	0否	0	0	0	0	-2	-1	1战斗事件	7对话	0	0	17	102204	城户丈	木偶兽！！！	0	0	0	1315	0	0	0	0	0	0	0	0	0
54	4	3战斗开始	48v1	0否	0	0	0	0	-2	-1	1战斗事件	7对话	0	1	17	102204	木偶兽	回答不出来的话就杀了你们哦！	0	0	0	1316	0	0	0	0	0	0	0	0	0
54	5	3战斗开始	48v1	0否	0	0	0	0	-2	-1	1战斗事件	16返回战斗	0	1	0	0	0	0	0	0	0	0	0	0	0	0	0	0	0	0	0
55	1	4战斗结束	48v3	0否	0	0	0	0	-2	-1	1战斗事件	10播放音效	0	1317	0	0	0	0	0	0	0	0	0	0	0	0	0	0	0	0	0
55	2	4战斗结束	48v3	0否	0	0	0	0	-2	-1	1战斗事件	5在当前场景背景上面绘制光效	0	sprite/juqing_gtwks	180	40	1	WarshipGirlPushInfoClass	0	1	animation1	1	0	0	0	0,110	0.5	0.5	0	0	0
55	3	4战斗结束	48v3	0否	0	0	0	0	-2	-1	1战斗事件	5在当前场景背景上面绘制光效	0	sprite/juqing_gtwks	180	40	-1	FightQTEControllerClass	1	1	animation2	1	0	0	0	0,110	0.5	0.5	0	0	0
55	4	4战斗结束	48v3	0否	0	0	0	0	-2	-1	1战斗事件	7对话	0	1	0	104604	金属猿猴兽	好久不见了呢，被选召的孩子们！	0	0	0	1322	0	0	0	0	0	0	0	0	0
55	5	4战斗结束	48v3	0否	0	0	0	0	-2	-1	1战斗事件	7对话	0	0	102204	104604	木偶兽	谁啊，你这家伙！	0	0	0	1318	0	0	0	0	0	0	0	0	0
55	6	4战斗结束	48v3	0否	0	0	0	0	-2	-1	1战斗事件	7对话	0	1	102204	104604	金属猿猴兽	这个问题问的真好！	0	0	0	1319	0	0	0	0	0	0	0	0	0
55	7	4战斗结束	48v3	0否	0	0	0	0	-2	-1	1战斗事件	7对话	0	1	102204	104604	金属猿猴兽	这是个听者伤心——语者流泪的故事——	0	0	0	1320	0	0	0	0	0	0	0	0	0
55	8	4战斗结束	48v3	0否	0	0	0	0	-2	-1	1战斗事件	7对话	0	0	17	104604	城户丈	趁现在赶快逃！	0	0	0	1321	0	0	0	0	0	0	0	0	0
55	9	4战斗结束	48v3	0否	0	0	0	0	-2	-1	1战斗事件	17战斗结束	0	0	0	0	0	0	0	0	0	0	0	0	0	0	0	0	0	0	0
56	1	3战斗开始	49v3	0否	0	0	0	0	-2	-1	1战斗事件	15开始战斗	0	1	0	0	0	0	0	0	0	0	0	0	0	0	0	0	0	0	0
56	2	3战斗开始	49v3	0否	0	0	0	0	-2	-1	1战斗事件	7对话	0	1	0	104604	金属猿猴兽	叽叽……看我怎么报复你们——！！	0	0	0	1323	0	0	0	0	0	0	0	0	0
56	3	3战斗开始	49v3	0否	0	0	0	0	-2	-1	1战斗事件	16返回战斗	0	1	0	0	0	0	0	0	0	0	0	0	0	0	0	0	0	0	0
57	1	4战斗结束	49v3	0否	0	0	0	0	-2	-1	1战斗事件	7对话	0	1	0	104604	金属猿猴兽	啊啊——！！我的身体居然受伤了！	0	0	0	1324	0	0	0	0	0	0	0	0	0
57	2	4战斗结束	49v3	0否	0	0	0	0	-2	-1	1战斗事件	7对话	0	1	0	104604	金属猿猴兽	怎么会……骗人的吧——！！	0	0	0	1325	0	0	0	0	0	0	0	0	0
57	3	4战斗结束	49v3	0否	0	0	0	0	-2	-1	1战斗事件	7对话	0	0	17	104604	城户丈	赢了！！！	0	0	0	1326	0	0	0	0	0	0	0	0	0
57	4	4战斗结束	49v3	0否	0	0	0	0	-2	-1	1战斗事件	17战斗结束	0	0	0	0	0	0	0	0	0	0	0	0	0	0	0	0	0	0	0
58	1	3战斗开始	51v1	0否	0	0	0	0	-2	-1	1战斗事件	15开始战斗	0	1	0	0	0	0	0	0	0	0	0	0	0	0	0	0	0	0	0
58	2	3战斗开始	51v1	0否	0	0	0	0	-2	-1	1战斗事件	7对话	0	0	5	0	八神太一	那就是木偶兽的屋子吗？有两个守卫在那里……	0	0	0	1331	0	0	0	0	0	0	0	0	0
58	3	3战斗开始	51v1	0否	0	0	0	0	-2	-1	1战斗事件	7对话	0	0	105201	0	甲虫兽	并不是打不过的对手，各位，上吧！	0	0	0	1332	0	0	0	0	0	0	0	0	0
58	4	3战斗开始	51v1	0否	0	0	0	0	-2	-1	1战斗事件	16返回战斗	0	1	0	0	0	0	0	0	0	0	0	0	0	0	0	0	0	0	0
59	1	3战斗开始	53v3	0否	0	0	0	0	-2	-1	1战斗事件	15开始战斗	0	1	0	0	0	0	0	0	0	0	0	0	0	0	0	0	0	0	0
59	2	3战斗开始	53v3	0否	0	0	0	0	-2	-1	1战斗事件	7对话	0	1	0	102203	祖利兽	呵——呵——呵，我……叫做祖利兽。	0	0	0	1333	0	0	0	0	0	0	0	0	0
59	3	3战斗开始	53v3	0否	0	0	0	0	-2	-1	1战斗事件	7对话	0	0	101801	102203	加布兽	这么说你也是和木偶兽一伙的吧？	0	0	0	1334	0	0	0	0	0	0	0	0	0
59	4	3战斗开始	53v3	0否	0	0	0	0	-2	-1	1战斗事件	7对话	0	1	101801	102203	祖利兽	哎呀，请等一下！	0	0	0	1335	0	0	0	0	0	0	0	0	0
59	5	3战斗开始	53v3	0否	0	0	0	0	-2	-1	1战斗事件	7对话	0	0	11	102203	石田大和	烦人！	0	0	0	1336	0	0	0	0	0	0	0	0	0
59	6	3战斗开始	53v3	0否	0	0	0	0	-2	-1	1战斗事件	16返回战斗	0	1	0	0	0	0	0	0	0	0	0	0	0	0	0	0	0	0	0
60	1	4战斗结束	53v3	0否	0	0	0	0	-2	-1	1战斗事件	7对话	0	1	0	102203	祖利兽	你听到了吗？想磨炼自己的话，就去和太一战斗吧……	0	0	0	1337	0	0	0	0	0	0	0	0	0
60	2	4战斗结束	53v3	0否	0	0	0	0	-2	-1	1战斗事件	7对话	0	1	0	102203	祖利兽	没有这样的觉悟，是无法改变自己的！	0	0	0	1338	0	0	0	0	0	0	0	0	0
60	3	4战斗结束	53v3	0否	0	0	0	0	-2	-1	1战斗事件	7对话	0	0	19	102203	石田大和	不知道……！我到底怎么做才好……	0	0	0	1339	0	0	0	0	0	0	0	0	0
60	4	4战斗结束	53v3	0否	0	0	0	0	-2	-1	1战斗事件	7对话	0	1	19	101801	加布兽	如果有必要的话，我会为了大和而战的！	0	0	0	1340	0	0	0	0	0	0	0	0	0
60	5	4战斗结束	53v3	0否	0	0	0	0	-2	-1	1战斗事件	7对话	0	1	19	101804	钢铁加鲁鲁兽	（进化）走吧，大和！	0	0	0	1341	0	0	0	0	0	0	0	0	0
60	6	4战斗结束	53v3	0否	0	0	0	0	-2	-1	1战斗事件	17战斗结束	0	0	0	0	0	0	0	0	0	0	0	0	0	0	0	0	0	0	0
61	1	3战斗开始	56v1	0否	0	0	0	0	-2	-1	1战斗事件	15开始战斗	0	1	0	0	0	0	0	0	0	0	0	0	0	0	0	0	0	0	0
61	2	3战斗开始	56v1	0否	0	0	0	0	-2	-1	1战斗事件	7对话	0	0	3	0	八神太一	来决一胜负吧，木偶兽！	0	0	0	1342	0	0	0	0	0	0	0	0	0
61	3	3战斗开始	56v1	0否	0	0	0	0	-2	-1	1战斗事件	7对话	0	1	3	102204	木偶兽	哼！我知道了。既然那么想和我玩的话就来这里决一胜负吧！	0	0	0	1343	0	0	0	0	0	0	0	0	0
61	4	3战斗开始	56v1	0否	0	0	0	0	-2	-1	1战斗事件	16返回战斗	0	1	0	0	0	0	0	0	0	0	0	0	0	0	0	0	0	0	0
62	1	3战斗开始	57v3	0否	0	0	0	0	-2	-1	1战斗事件	15开始战斗	0	1	0	0	0	0	0	0	0	0	0	0	0	0	0	0	0	0	0
62	2	3战斗开始	57v3	0否	0	0	0	0	-2	-1	1战斗事件	7对话	0	1	0	101804	钢铁加鲁鲁兽	亚古兽来决斗吧！快进化成究极体！	0	0	0	1344	0	0	0	0	0	0	0	0	0
62	3	3战斗开始	57v3	0否	0	0	0	0	-2	-1	1战斗事件	7对话	0	0	3	101804	八神太一	喂，大和！快点让他停下！	0	0	0	1345	0	0	0	0	0	0	0	0	0
62	4	3战斗开始	57v3	0否	0	0	0	0	-2	-1	1战斗事件	7对话	0	1	3	11	石田大和	行了，快点和我战斗！	0	0	0	1346	0	0	0	0	0	0	0	0	0
62	5	3战斗开始	57v3	0否	0	0	0	0	-2	-1	1战斗事件	16返回战斗	0	1	0	0	0	0	0	0	0	0	0	0	0	0	0	0	0	0	0
63	1	3战斗开始	59v1	0否	0	0	0	0	-2	-1	1战斗事件	15开始战斗	0	1	0	0	0	0	0	0	0	0	0	0	0	0	0	0	0	0	0
63	2	3战斗开始	59v1	0否	0	0	0	0	-2	-1	1战斗事件	7对话	0	0	10	0	八神太一	整个城市，到处都是数码宝贝！	0	0	0	1353	0	0	0	0	0	0	0	0	0
63	3	3战斗开始	59v1	0否	0	0	0	0	-2	-1	1战斗事件	7对话	0	1	10	105201	甲虫兽	它们怎么会知道我们在这里的呢？！	0	0	0	1354	0	0	0	0	0	0	0	0	0
63	4	3战斗开始	59v1	0否	0	0	0	0	-2	-1	1战斗事件	7对话	0	1	10	20	泉光子郎	也许是进入医院的时候被它们看到了！	0	0	0	1355	0	0	0	0	0	0	0	0	0
63	5	3战斗开始	59v1	0否	0	0	0	0	-2	-1	1战斗事件	16返回战斗	0	1	0	0	0	0	0	0	0	0	0	0	0	0	0	0	0	0	0
64	1	4战斗结束	61v3	0否	0	0	0	0	-2	-1	1战斗事件	7对话	0	0	10	0	八神太一	可恶！好不容易才找到了药！	0	0	0	1356	0	0	0	0	0	0	0	0	0
64	2	4战斗结束	61v3	0否	0	0	0	0	-2	-1	1战斗事件	7对话	0	1	10	101704	机械邪龙兽	原来在这里啊，被选召的孩子们！	0	0	0	1357	0	0	0	0	0	0	0	0	0
64	3	4战斗结束	61v3	0否	0	0	0	0	-2	-1	1战斗事件	7对话	0	0	10	101704	八神太一	机械邪龙兽！！！	0	0	0	1358	0	0	0	0	0	0	0	0	0
64	4	4战斗结束	61v3	0否	0	0	0	0	-2	-1	1战斗事件	7对话	0	0	10	101704	八神太一	大家快逃！	0	0	0	1359	0	0	0	0	0	0	0	0	0
64	5	4战斗结束	61v3	0否	0	0	0	0	-2	-1	1战斗事件	17战斗结束	0	0	0	0	0	0	0	0	0	0	0	0	0	0	0	0	0	0	0
65	1	3战斗开始	63v3	0否	0	0	0	0	-2	-1	1战斗事件	15开始战斗	0	1	0	0	0	0	0	0	0	0	0	0	0	0	0	0	0	0	0
65	2	3战斗开始	63v3	0否	0	0	0	0	-2	-1	1战斗事件	7对话	0	1	0	104904	恶霸熊仔兽	鼻涕兽们，你们是机械邪龙兽大人所支配的螺旋山的城市的动力源！给我工作，工作到死为止——！！	0	0	0	1360	0	0	0	0	0	0	0	0	0
65	3	3战斗开始	63v3	0否	0	0	0	0	-2	-1	1战斗事件	7对话	0	1	0	104902	鼻涕兽	唔——！！	0	0	0	1361	0	0	0	0	0	0	0	0	0
65	4	3战斗开始	63v3	0否	0	0	0	0	-2	-1	1战斗事件	7对话	0	0	24	104902	八神嘉儿	快去让鼻涕兽们恢复自由！	0	0	0	1362	0	0	0	0	0	0	0	0	0
65	5	3战斗开始	63v3	0否	0	0	0	0	-2	-1	1战斗事件	7对话	0	1	24	104902	鼻涕兽	唔——唔——！	0	0	0	1363	0	0	0	0	0	0	0	0	0
65	6	3战斗开始	63v3	0否	0	0	0	0	-2	-1	1战斗事件	16返回战斗	0	1	0	0	0	0	0	0	0	0	0	0	0	0	0	0	0	0	0
66	1	3战斗开始	65v1	0否	0	0	0	0	-2	-1	1战斗事件	15开始战斗	0	1	0	0	0	0	0	0	0	0	0	0	0	0	0	0	0	0	0
66	2	3战斗开始	65v1	0否	0	0	0	0	-2	-1	1战斗事件	7对话	0	0	5	0	八神太一	我们好像被谁跟踪了。	0	0	0	1364	0	0	0	0	0	0	0	0	0
66	3	3战斗开始	65v1	0否	0	0	0	0	-2	-1	1战斗事件	7对话	0	1	5	20	泉光子郎	是机械邪龙兽的部下吧？	0	0	0	1365	0	0	0	0	0	0	0	0	0
66	4	3战斗开始	65v1	0否	0	0	0	0	-2	-1	1战斗事件	7对话	0	0	5	20	八神太一	先找个地方躲起来……	0	0	0	1366	0	0	0	0	0	0	0	0	0
66	5	3战斗开始	65v1	0否	0	0	0	0	-2	-1	1战斗事件	16返回战斗	0	1	0	0	0	0	0	0	0	0	0	0	0	0	0	0	0	0	0
67	1	4战斗结束	65v3	0否	0	0	0	0	-2	-1	1战斗事件	7对话	0	0	10	0	八神太一	安杜路兽！？	0	0	0	1367	0	0	0	0	0	0	0	0	0
67	2	4战斗结束	65v3	0否	0	0	0	0	-2	-1	1战斗事件	7对话	0	1	10	104204	安杜路兽	我为了解放被机械邪龙兽支配的城市，一直躲在地下实施反抗活动。	0	0	0	1368	0	0	0	0	0	0	0	0	0
67	3	4战斗结束	65v3	0否	0	0	0	0	-2	-1	1战斗事件	7对话	0	1	10	101704	机械邪龙兽	……把你们一起收拾了！	0	0	0	1369	0	0	0	0	0	0	0	0	0
67	4	4战斗结束	65v3	0否	0	0	0	0	-2	-1	1战斗事件	7对话	0	0	104204	101704	安杜路兽	你们赶紧躲起来！	0	0	0	1370	0	0	0	0	0	0	0	0	0
67	5	4战斗结束	65v3	0否	0	0	0	0	-2	-1	1战斗事件	17战斗结束	0	0	0	0	0	0	0	0	0	0	0	0	0	0	0	0	0	0	0
68	1	3战斗开始	67v1	0否	0	0	0	0	-2	-1	1战斗事件	15开始战斗	0	1	0	0	0	0	0	0	0	0	0	0	0	0	0	0	0	0	0
68	2	3战斗开始	67v1	0否	0	0	0	0	-2	-1	1战斗事件	7对话	0	0	23	0	八神嘉儿	哥哥！！！	0	0	0	1371	0	0	0	0	0	0	0	0	0
68	3	3战斗开始	67v1	0否	0	0	0	0	-2	-1	1战斗事件	7对话	0	1	23	9	泉光子郎	安杜路兽保护了我们，他正在战斗！	0	0	0	1372	0	0	0	0	0	0	0	0	0
68	4	3战斗开始	67v1	0否	0	0	0	0	-2	-1	1战斗事件	7对话	0	0	3	9	八神太一	能见到嘉儿也是多亏了安杜路兽，一定要回去帮他！	0	0	0	1373	0	0	0	0	0	0	0	0	0
68	5	3战斗开始	67v1	0否	0	0	0	0	-2	-1	1战斗事件	16返回战斗	0	1	0	0	0	0	0	0	0	0	0	0	0	0	0	0	0	0	0
69	1	3战斗开始	67v3	0否	0	0	0	0	-2	-1	1战斗事件	15开始战斗	0	1	0	0	0	0	0	0	0	0	0	0	0	0	0	0	0	0	0
69	2	3战斗开始	67v3	0否	0	0	0	0	-2	-1	1战斗事件	7对话	0	0	3	0	八神太一	安杜路兽（被机械邪龙兽击倒）！！！	0	0	0	1374	0	0	0	0	0	0	0	0	0
69	3	3战斗开始	67v3	0否	0	0	0	0	-2	-1	1战斗事件	7对话	0	1	3	101704	机械邪龙兽	你们完了，被选召的孩子们！	0	0	0	1375	0	0	0	0	0	0	0	0	0
69	4	3战斗开始	67v3	0否	0	0	0	0	-2	-1	1战斗事件	16返回战斗	0	1	0	0	0	0	0	0	0	0	0	0	0	0	0	0	0	0	0
70	1	3战斗开始	69v1	0否	0	0	0	0	-2	-1	1战斗事件	15开始战斗	0	1	0	0	0	0	0	0	0	0	0	0	0	0	0	0	0	0	0
70	2	3战斗开始	69v1	0否	0	0	0	0	-2	-1	1战斗事件	7对话	0	0	2	0	高石岳	黑暗四天王就住在螺旋山的山顶上。	0	0	0	1379	0	0	0	0	0	0	0	0	0
70	3	3战斗开始	69v1	0否	0	0	0	0	-2	-1	1战斗事件	7对话	0	0	3	0	八神太一	好，我们快去山顶上吧！	0	0	0	1380	0	0	0	0	0	0	0	0	0
70	4	3战斗开始	69v1	0否	0	0	0	0	-2	-1	1战斗事件	16返回战斗	0	1	0	0	0	0	0	0	0	0	0	0	0	0	0	0	0	0	0
71	1	3战斗开始	71v3	0否	0	0	0	0	-2	-1	1战斗事件	15开始战斗	0	1	0	0	0	0	0	0	0	0	0	0	0	0	0	0	0	0	0
71	2	3战斗开始	71v3	0否	0	0	0	0	-2	-1	1战斗事件	7对话	0	0	6	0	武之内空	终于来到螺旋山了……	0	0	0	1381	0	0	0	0	0	0	0	0	0
71	3	3战斗开始	71v3	0否	0	0	0	0	-2	-1	1战斗事件	7对话	0	1	6	102703	女恶魔兽	啊——哈哈哈哈哈！欢迎欢迎！可爱的小朋友们……	0	0	0	1382	0	0	0	0	0	0	0	0	0
71	4	3战斗开始	71v3	0否	0	0	0	0	-2	-1	1战斗事件	7对话	0	0	7	102703	武之内空	什——么嘛，这令人感觉很讨厌的数码宝贝！	0	0	0	1383	0	0	0	0	0	0	0	0	0
71	5	3战斗开始	71v3	0否	0	0	0	0	-2	-1	1战斗事件	7对话	0	1	7	102703	女恶魔兽	你们已经很累了吧？来，好好的休息休息吧……永远的！	0	0	0	1384	0	0	0	0	0	0	0	0	0
71	6	3战斗开始	71v3	0否	0	0	0	0	-2	-1	1战斗事件	16返回战斗	0	1	0	0	0	0	0	0	0	0	0	0	0	0	0	0	0	0	0
72	1	4战斗结束	71v3	0否	0	0	0	0	-2	-1	1战斗事件	7对话	0	1	0	102703	女恶魔兽	小……小丑皇大人——！	0	0	0	1385	0	0	0	0	0	0	0	0	0
72	2	4战斗结束	71v3	0否	0	0	0	0	-2	-1	1战斗事件	17战斗结束	0	0	0	0	0	0	0	0	0	0	0	0	0	0	0	0	0	0	0
73	1	3战斗开始	74v1	0否	0	0	0	0	-2	-1	1战斗事件	15开始战斗	0	1	0	0	0	0	0	0	0	0	0	0	0	0	0	0	0	0	0
73	2	3战斗开始	74v1	0否	0	0	0	0	-2	-1	1战斗事件	7对话	0	0	15	0	武之内空	不去帮助太一的话，我们的世界就要完蛋了……	0	0	0	1386	0	0	0	0	0	0	0	0	0
73	3	3战斗开始	74v1	0否	0	0	0	0	-2	-1	1战斗事件	7对话	0	1	15	2	高石岳	对了，太一还在等我们！	0	0	0	1387	0	0	0	0	0	0	0	0	0
73	4	3战斗开始	74v1	0否	0	0	0	0	-2	-1	1战斗事件	7对话	0	1	15	11	石田大和	向太一的地方……出发！	0	0	0	1388	0	0	0	0	0	0	0	0	0
73	5	3战斗开始	74v1	0否	0	0	0	0	-2	-1	1战斗事件	16返回战斗	0	1	0	0	0	0	0	0	0	0	0	0	0	0	0	0	0	0	0
74	1	3战斗开始	77v3	0否	0	0	0	0	-2	-1	1战斗事件	15开始战斗	0	1	0	0	0	0	0	0	0	0	0	0	0	0	0	0	0	0	0
74	2	3战斗开始	77v3	0否	0	0	0	0	-2	-1	1战斗事件	7对话	0	1	0	100904	小丑皇	哼哼哼哼……	0	0	0	1389	0	0	0	0	0	0	0	0	0
74	3	3战斗开始	77v3	0否	0	0	0	0	-2	-1	1战斗事件	7对话	0	0	20	100904	泉光子郎	黑暗四天王最后的一位……	0	0	0	1390	0	0	0	0	0	0	0	0	0
74	4	3战斗开始	77v3	0否	0	0	0	0	-2	-1	1战斗事件	7对话	0	1	20	100904	小丑皇	……真是愚蠢的数码宝贝，不用那么急着找死的啊！	0	0	0	1391	0	0	0	0	0	0	0	0	0
74	5	3战斗开始	77v3	0否	0	0	0	0	-2	-1	1战斗事件	7对话	0	0	3	100904	八神太一	小心点，那家伙很强！	0	0	0	1392	0	0	0	0	0	0	0	0	0
74	6	3战斗开始	77v3	0否	0	0	0	0	-2	-1	1战斗事件	16返回战斗	0	1	0	0	0	0	0	0	0	0	0	0	0	0	0	0	0	0	0
75	1	4战斗结束	77v3	0否	0	0	0	0	-2	-1	1战斗事件	7对话	0	1	0	100904	小丑皇	就这么想死吗……好吧，就如你们所愿！	0	0	0	1393	0	0	0	0	0	0	0	0	0
75	2	4战斗结束	77v3	0否	0	0	0	0	-2	-1	1战斗事件	10播放音效	0	1414	0	0	0	0	0	0	0	0	0	0	0	0	0	0	0	0	0
75	3	4战斗结束	77v3	0否	0	0	0	0	-2	-1	1战斗事件	5在当前场景背景上面绘制光效	0	sprite/juqing_dyxgs	0	50	1	WarshipGirlPushInfoClass	0	1	animation1	1	0	0	0	0,110	0.5	0.5	0	0	0
75	4	4战斗结束	77v3	0否	0	0	0	0	-2	-1	1战斗事件	5在当前场景背景上面绘制光效	0	sprite/juqing_dyxgs	0	50	-1	WarshipGirlPushInfoClass	1	1	animation3	1	0	0	0	0,110	0.5	0.5	0	0	0
75	5	4战斗结束	77v3	0否	0	0	0	0	-2	-1	1战斗事件	7对话	0	0	105201	0	甲虫兽	呜啊——！！突然冒出那么多小鬼，这些家伙是什么呀……	0	0	0	1394	0	0	0	0	0	0	0	0	0
75	6	4战斗结束	77v3	0否	0	0	0	0	-2	-1	1战斗事件	7对话	0	0	2	0	高石岳	但是，我们是不会输的！	0	0	0	1413	0	0	0	0	0	0	0	0	0
75	7	4战斗结束	77v3	0否	0	0	0	0	-2	-1	1战斗事件	7对话	0	0	100103	0	神圣天使兽	让你尝尝审判之剑！	0	0	0	1395	0	0	0	0	0	0	0	0	0
75	8	4战斗结束	77v3	0否	0	0	0	0	-2	-1	1战斗事件	2切换背景音效	0	32	0	0	0	0	0	0	0	0	0	0	0	0	0	0	0	0	0
75	9	4战斗结束	77v3	0否	0	0	0	0	-2	-1	1战斗事件	5在当前场景背景上面绘制光效	0	sprite/juqing_dyxgs	0	50	0	WarshipGirlPushInfoClass	1	1	animation3	1	0	0	0	0,110	0.5	0.5	0	0	0
75	10	4战斗结束	77v3	0否	0	0	0	0	-2	-1	1战斗事件	5在当前场景背景上面绘制光效	0	sprite/juqing_tgzm	0	50	1	WarshipGirlPushInfoClass	1	1	animation	1	0	0	0	0,110	0.5	0.5	0	0	0
75	11	4战斗结束	77v3	0否	0	0	0	0	-2	-1	1战斗事件	5在当前场景背景上面绘制光效	0	sprite/juqing_tgzmgx	0	50	1	WarshipGirlPushInfoClass	0	1	animation	1	0	0	0	0,110	0.5	0.5	0	0	0
75	12	4战斗结束	77v3	0否	0	0	0	0	-2	-1	1战斗事件	2切换背景音效	0	5	0	0	0	0	0	0	0	0	0	0	0	0	0	0	0	0	0
75	13	4战斗结束	77v3	0否	0	0	0	0	-2	-1	1战斗事件	7对话	0	1	0	100904	小丑皇	什么！！！	0	0	0	1415	0	0	0	0	0	0	0	0	0
75	14	4战斗结束	77v3	0否	0	0	0	0	-2	-1	1战斗事件	7对话	0	0	17	100904	城户丈	赢了！！！	0	0	0	1326	0	0	0	0	0	0	0	0	0
75	15	4战斗结束	77v3	0否	0	0	0	0	-2	-1	1战斗事件	17战斗结束	0	0	0	0	0	0	0	0	0	0	0	0	0	0	0	0	0	0	0
76	1	3战斗开始	78v1	0否	0	0	0	0	-2	-1	1战斗事件	15开始战斗	0	1	0	0	0	0	0	0	0	0	0	0	0	0	0	0	0	0	0
76	2	3战斗开始	78v1	0否	0	0	0	0	-2	-1	1战斗事件	7对话	0	0	3	0	八神太一	喂！到底是怎么回事啊？	0	0	0	1399	0	0	0	0	0	0	0	0	0
76	3	3战斗开始	78v1	0否	0	0	0	0	-2	-1	1战斗事件	7对话	0	0	2	0	石田大和	明明已经打倒了黑暗四天王啊！	0	0	0	1400	0	0	0	0	0	0	0	0	0
76	4	3战斗开始	78v1	0否	0	0	0	0	-2	-1	1战斗事件	7对话	0	1	2	14	玄内老人	……是因为你们还没有打倒一切邪恶的根源吧！	0	0	0	1401	0	0	0	0	0	0	0	0	0
76	5	3战斗开始	78v1	0否	0	0	0	0	-2	-1	1战斗事件	16返回战斗	0	1	0	0	0	0	0	0	0	0	0	0	0	0	0	0	0	0	0
77	1	4战斗结束	81v3	0否	0	0	0	0	-2	-1	1战斗事件	7对话	0	1	0	107601	？？？	呜呜呜呜……	0	0	0	1223	0	0	0	0	0	0	0	0	0
77	2	4战斗结束	81v3	0否	0	0	0	0	-2	-1	1战斗事件	7对话	0	0	12	107601	太刀川美美	这个声音，感觉好糟……	0	0	0	1402	0	0	0	0	0	0	0	0	0
77	3	4战斗结束	81v3	0否	0	0	0	0	-2	-1	1战斗事件	7对话	0	0	3	107601	八神太一	嗯，向深处前进吧！	0	0	0	1403	0	0	0	0	0	0	0	0	0
77	4	4战斗结束	81v3	0否	0	0	0	0	-2	-1	1战斗事件	17战斗结束	0	0	0	0	0	0	0	0	0	0	0	0	0	0	0	0	0	0	0
78	1	3战斗开始	87v3	0否	0	0	0	0	-2	-1	1战斗事件	15开始战斗	0	1	0	0	0	0	0	0	0	0	0	0	0	0	0	0	0	0	0
78	2	3战斗开始	87v3	0否	0	0	0	0	-2	-1	1战斗事件	7对话	0	0	3	0	八神太一	终于要和启示录兽进行最终决战了啊……！	0	0	0	1407	0	0	0	0	0	0	0	0	0
78	3	3战斗开始	87v3	0否	0	0	0	0	-2	-1	1战斗事件	7对话	0	1	3	107601	启示录兽	无论到哪都要阻止我吗？	0	0	0	1408	0	0	0	0	0	0	0	0	0
78	4	3战斗开始	87v3	0否	0	0	0	0	-2	-1	1战斗事件	7对话	0	0	3	107601	八神太一	数码宝贝世界还有我们的世界，我们大家一起来拯救！	0	0	0	1409	0	0	0	0	0	0	0	0	0
78	5	3战斗开始	87v3	0否	0	0	0	0	-2	-1	1战斗事件	16返回战斗	0	1	0	0	0	0	0	0	0	0	0	0	0	0	0	0	0	0	0
79	1	4战斗结束	87v3	0否	0	0	0	0	-2	-1	1战斗事件	7对话	0	0	3	0	八神太一	怎么样！认命吧！	0	0	0	1410	0	0	0	0	0	0	0	0	0
79	2	4战斗结束	87v3	0否	0	0	0	0	-2	-1	1战斗事件	7对话	0	1	3	107601	启示录兽	呼呼呼……你们认为这样就赢了吗？自我引爆！！！	0	0	0	1411	0	0	0	0	0	0	0	0	0
79	3	4战斗结束	87v3	0否	0	0	0	0	-2	-1	1战斗事件	10播放音效	0	1412	0	0	0	0	0	0	0	0	0	0	0	0	0	0	0	0	0
79	4	4战斗结束	87v3	0否	0	0	0	0	-2	-1	1战斗事件	5在当前场景背景上面绘制光效	0	sprite/juqing_zibao	0	0	1	WarshipGirlPushInfoClass	0	1	animation1	1	0	0	0	0	0.5	0.5	0	0	0
79	5	4战斗结束	87v3	0否	0	0	0	0	-2	-1	1战斗事件	5在当前场景背景上面绘制光效	0	sprite/juqing_zibao	0	0	-1	WarshipGirlPushInfoClass	1	1	animation2	1	0	0	0	0	0.5	0.5	0	0	0
79	6	4战斗结束	87v3	0否	0	0	0	0	-2	-1	1战斗事件	2切换背景音效	0	7	0	0	0	0	0	0	0	0	0	0	0	0	0	0	0	0	0
79	7	4战斗结束	87v3	0否	0	0	0	0	-2	-1	1战斗事件	7对话	0	1	0	11	石田大和	它自爆了！	0	0	0	1416	0	0	0	0	0	0	0	0	0
79	8	4战斗结束	87v3	0否	0	0	0	0	-2	-1	1战斗事件	7对话	0	0	18	11	城户丈	我们到此为止了吗？	0	0	0	1417	0	0	0	0	0	0	0	0	0
79	9	4战斗结束	87v3	0否	0	0	0	0	-2	-1	1战斗事件	7对话	0	1	18	12	太刀川美美	不要这样啊——！！！	0	0	0	1418	0	0	0	0	0	0	0	0	0
79	10	4战斗结束	87v3	0否	0	0	0	0	-2	-1	1战斗事件	7对话	0	0	2	12	高石岳	还没有结束！	0	0	0	1419	0	0	0	0	0	0	0	0	0
79	11	4战斗结束	87v3	0否	0	0	0	0	-2	-1	1战斗事件	7对话	0	1	2	20	泉光子郎	怎么可能就这样结束了！	0	0	0	1420	0	0	0	0	0	0	0	0	0
79	12	4战斗结束	87v3	0否	0	0	0	0	-2	-1	1战斗事件	7对话	0	1	2	11	石田大和	不会让它结束的！	0	0	0	1421	0	0	0	0	0	0	0	0	0
79	13	4战斗结束	87v3	0否	0	0	0	0	-2	-1	1战斗事件	7对话	0	0	3	11	八神太一	怎么能这么结束！	0	0	0	1422	0	0	0	0	0	0	0	0	0
79	14	4战斗结束	87v3	0否	0	0	0	0	-2	-1	1战斗事件	7对话	0	0	7	11	武之内空	因为……	0	0	0	1423	0	0	0	0	0	0	0	0	0
79	15	4战斗结束	87v3	0否	0	0	0	0	-2	-1	1战斗事件	7对话	0	0	23	11	八神嘉儿	我们……	0	0	0	1424	0	0	0	0	0	0	0	0	0
79	16	4战斗结束	87v3	0否	0	0	0	0	-2	-1	1战斗事件	7对话	0	0	4	11	众人	还有明天！！！	0	0	0	1425	0	0	0	0	0	0	0	0	0
79	17	4战斗结束	87v3	0否	0	0	0	0	-2	-1	1战斗事件	2切换背景音效	0	33	0	0	0	0	0	0	0	0	0	0	0	0	0	0	0	0	0
79	18	4战斗结束	87v3	0否	0	0	0	0	-2	-1	1战斗事件	5在当前场景背景上面绘制光效	0	sprite/juqing_zibao	0	0	0	WarshipGirlPushInfoClass	1	1	animation2	1	0	0	0	0	0.5	0.5	0	0	0
79	19	4战斗结束	87v3	0否	0	0	0	0	-2	-1	1战斗事件	5在当前场景背景上面绘制光效	0	sprite/juqing_zibao	0	0	1	WarshipGirlPushInfoClass	0	1	animation3	1	0	0	0	0	0.5	0.5	0	0	0
79	20	4战斗结束	87v3	0否	0	0	0	0	-2	-1	1战斗事件	2切换背景音效	0	7	0	0	0	0	0	0	0	0	0	0	0	0	0	0	0	0	0
79	21	4战斗结束	87v3	0否	0	0	0	0	-2	-1	1战斗事件	17战斗结束	0	0	0	0	0	0	0	0	0	0	0	0	0	0	0	0	0	0	0
