1	6,69,10	1,-1,60000	1	2800	1	1,24	8
2	6,70,10	1,-1,60000	1	2800	1	1,24	8
3	6,71,10	1,-1,60000	1	2800	1	1,24	8
4	6,72,10	1,-1,60000	1	2800	1	16,34	8
5	6,73,10	1,-1,60000	1	2800	1	16,34	8
6	6,74,10	1,-1,60000	1	2800	1	16,34	8
7	6,75,10	1,-1,60000	1	2800	1	20,44	8
8	6,76,10	1,-1,60000	1	2800	1	20,44	8
9	6,77,10	1,-1,60000	1	2800	1	20,44	8
10	6,78,10	1,-1,72000	1	2800	1	22,49	8
11	6,79,10	1,-1,72000	1	2800	1	22,49	8
12	6,80,10	1,-1,72000	1	2800	1	22,49	8
13	6,81,10	1,-1,84000	1	2800	1	35,54	8
14	6,82,10	1,-1,84000	1	2800	1	35,54	8
15	6,83,10	1,-1,84000	1	2800	1	35,54	8
16	6,84,10	1,-1,96000	1	2800	1	45,69	8
17	6,85,10	1,-1,96000	1	2800	1	45,69	8
18	6,86,10	1,-1,96000	1	2800	1	45,69	8
19	6,87,10	1,-1,108000	1	2800	1	55,79	8
20	6,88,10	1,-1,108000	1	2800	1	55,79	8
21	6,89,10	1,-1,108000	1	2800	1	55,79	8
22	6,90,10	1,-1,120000	1	2800	1	65,89	8
23	6,91,10	1,-1,120000	1	2800	1	65,89	8
24	6,92,10	1,-1,120000	1	2800	1	65,89	8
25	6,93,10	1,-1,132000	1	2800	1	75,99	8
26	6,94,10	1,-1,132000	1	2800	1	75,99	8
27	6,95,10	1,-1,132000	1	2800	1	75,99	8
28	6,96,10	1,-1,160000	1	2800	1	80,109	8
29	6,97,10	1,-1,160000	1	2800	1	80,109	8
30	6,98,10	1,-1,160000	1	2800	1	80,109	8
31	6,99,10	1,-1,176000	1	2800	1	85,109	8
32	6,100,10	1,-1,176000	1	2800	1	85,109	8
33	6,101,10	1,-1,176000	1	2800	1	85,109	8
34	6,102,10	1,-1,184000	1	2800	1	90,109	8
35	6,103,10	1,-1,184000	1	2800	1	90,109	8
36	6,104,10	1,-1,184000	1	2800	1	90,109	8
37	6,69,20	1,-1,120000	1	2800	1	1,24	8
38	6,70,20	1,-1,120000	1	2800	1	1,24	8
39	6,71,20	1,-1,120000	1	2800	1	1,24	8
40	6,72,20	1,-1,120000	1	2800	1	16,34	8
41	6,73,20	1,-1,120000	1	2800	1	16,34	8
42	6,74,20	1,-1,120000	1	2800	1	16,34	8
43	6,75,20	1,-1,120000	1	2800	1	20,44	8
44	6,76,20	1,-1,120000	1	2800	1	20,44	8
45	6,77,20	1,-1,120000	1	2800	1	20,44	8
46	6,78,20	1,-1,144000	1	2800	1	22,49	8
47	6,79,20	1,-1,144000	1	2800	1	22,49	8
48	6,80,20	1,-1,144000	1	2800	1	22,49	8
49	6,81,20	1,-1,168000	1	2800	1	35,54	8
50	6,82,20	1,-1,168000	1	2800	1	35,54	8
51	6,83,20	1,-1,168000	1	2800	1	35,54	8
52	6,84,20	1,-1,192000	1	2800	1	45,69	8
53	6,85,20	1,-1,192000	1	2800	1	45,69	8
54	6,86,20	1,-1,192000	1	2800	1	45,69	8
55	6,87,20	1,-1,216000	1	2800	1	55,79	8
56	6,88,20	1,-1,216000	1	2800	1	55,79	8
57	6,89,20	1,-1,216000	1	2800	1	55,79	8
58	6,90,20	1,-1,240000	1	2800	1	65,89	8
59	6,91,20	1,-1,240000	1	2800	1	65,89	8
60	6,92,20	1,-1,240000	1	2800	1	65,89	8
61	6,93,20	1,-1,264000	1	2800	1	75,99	8
62	6,94,20	1,-1,264000	1	2800	1	75,99	8
63	6,95,20	1,-1,264000	1	2800	1	75,99	8
64	6,96,20	1,-1,320000	1	2800	1	80,109	8
65	6,97,20	1,-1,320000	1	2800	1	80,109	8
66	6,98,20	1,-1,320000	1	2800	1	80,109	8
67	6,99,20	1,-1,352000	1	2800	1	85,109	8
68	6,100,20	1,-1,352000	1	2800	1	85,109	8
69	6,101,20	1,-1,352000	1	2800	1	85,109	8
70	6,102,20	1,-1,368000	1	2800	1	90,109	8
71	6,103,20	1,-1,368000	1	2800	1	90,109	8
72	6,104,20	1,-1,368000	1	2800	1	90,109	8
73	6,69,30	1,-1,180000	1	2800	1	1,24	8
74	6,70,30	1,-1,180000	1	2800	1	1,24	8
75	6,71,30	1,-1,180000	1	2800	1	1,24	8
76	6,72,30	1,-1,180000	1	2800	1	16,34	8
77	6,73,30	1,-1,180000	1	2800	1	16,34	8
78	6,74,30	1,-1,180000	1	2800	1	16,34	8
79	6,75,30	1,-1,180000	1	2800	1	20,44	8
80	6,76,30	1,-1,180000	1	2800	1	20,44	8
81	6,77,30	1,-1,180000	1	2800	1	20,44	8
82	6,78,30	1,-1,216000	1	2800	1	22,49	8
83	6,79,30	1,-1,216000	1	2800	1	22,49	8
84	6,80,30	1,-1,216000	1	2800	1	22,49	8
85	6,81,30	1,-1,252000	1	2800	1	35,54	8
86	6,82,30	1,-1,252000	1	2800	1	35,54	8
87	6,83,30	1,-1,252000	1	2800	1	35,54	8
88	6,84,30	1,-1,288000	1	2800	1	45,69	8
89	6,85,30	1,-1,288000	1	2800	1	45,69	8
90	6,86,30	1,-1,288000	1	2800	1	45,69	8
91	6,87,30	1,-1,324000	1	2800	1	55,79	8
92	6,88,30	1,-1,324000	1	2800	1	55,79	8
93	6,89,30	1,-1,324000	1	2800	1	55,79	8
94	6,90,30	1,-1,360000	1	2800	1	65,89	8
95	6,91,30	1,-1,360000	1	2800	1	65,89	8
96	6,92,30	1,-1,360000	1	2800	1	65,89	8
97	6,93,30	1,-1,396000	1	2800	1	75,99	8
98	6,94,30	1,-1,396000	1	2800	1	75,99	8
99	6,95,30	1,-1,396000	1	2800	1	75,99	8
100	6,96,30	1,-1,480000	1	2800	1	80,109	8
101	6,97,30	1,-1,480000	1	2800	1	80,109	8
102	6,98,30	1,-1,480000	1	2800	1	80,109	8
103	6,99,30	1,-1,528000	1	2800	1	85,109	8
104	6,100,30	1,-1,528000	1	2800	1	85,109	8
105	6,101,30	1,-1,528000	1	2800	1	85,109	8
106	6,102,30	1,-1,552000	1	2800	1	90,109	8
107	6,103,30	1,-1,552000	1	2800	1	90,109	8
108	6,104,30	1,-1,552000	1	2800	1	90,109	8
109	6,93,40	1,-1,528000	1	2800	1	75,99	8
110	6,94,40	1,-1,528000	1	2800	1	75,99	8
111	6,95,40	1,-1,528000	1	2800	1	75,99	8
112	6,96,40	1,-1,640000	1	2800	1	80,109	8
113	6,97,40	1,-1,640000	1	2800	1	80,109	8
114	6,98,40	1,-1,640000	1	2800	1	80,109	8
115	6,99,40	1,-1,704000	1	2800	1	85,109	8
116	6,100,40	1,-1,704000	1	2800	1	85,109	8
117	6,101,40	1,-1,704000	1	2800	1	85,109	8
118	6,102,40	1,-1,736000	1	2800	1	90,109	8
119	6,103,40	1,-1,736000	1	2800	1	90,109	8
120	6,104,40	1,-1,736000	1	2800	1	90,109	8
121	6,96,50	1,-1,800000	1	2800	1	80,109	8
122	6,97,50	1,-1,800000	1	2800	1	80,109	8
123	6,98,50	1,-1,800000	1	2800	1	80,109	8
124	6,99,50	1,-1,880000	1	2800	1	85,109	8
125	6,100,50	1,-1,880000	1	2800	1	85,109	8
126	6,101,50	1,-1,880000	1	2800	1	85,109	8
127	6,102,50	1,-1,920000	1	2800	1	90,109	8
128	6,103,50	1,-1,920000	1	2800	1	90,109	8
129	6,104,50	1,-1,920000	1	2800	1	90,109	8
130	6,99,60	1,-1,1056000	1	2800	1	85,109	8
131	6,100,60	1,-1,1056000	1	2800	1	85,109	8
132	6,101,60	1,-1,1056000	1	2800	1	85,109	8
133	6,102,60	1,-1,1104000	1	2800	1	90,109	8
134	6,103,60	1,-1,1104000	1	2800	1	90,109	8
135	6,104,60	1,-1,1104000	1	2800	1	90,109	8
136	6,102,70	1,-1,1288000	1	2800	1	90,109	8
137	6,103,70	1,-1,1288000	1	2800	1	90,109	8
138	6,104,70	1,-1,1288000	1	2800	1	90,109	8
139	6,69,10	1,-1,15000	1	1200	1	1,24	2
140	6,70,10	1,-1,15000	1	1200	1	1,24	2
141	6,71,10	1,-1,15000	1	1200	1	1,24	2
142	6,72,10	1,-1,15000	1	1200	1	16,34	2
143	6,73,10	1,-1,15000	1	1200	1	16,34	2
144	6,74,10	1,-1,15000	1	1200	1	16,34	2
145	6,75,10	1,-1,15000	1	1200	1	20,44	2
146	6,76,10	1,-1,15000	1	1200	1	20,44	2
147	6,77,10	1,-1,15000	1	1200	1	20,44	2
148	6,78,10	1,-1,18000	1	1200	1	22,49	2
149	6,79,10	1,-1,18000	1	1200	1	22,49	2
150	6,80,10	1,-1,18000	1	1200	1	22,49	2
151	6,81,10	1,-1,21000	1	1200	1	35,54	2
152	6,82,10	1,-1,21000	1	1200	1	35,54	2
153	6,83,10	1,-1,21000	1	1200	1	35,54	2
154	6,84,10	1,-1,24000	1	1200	1	45,69	2
155	6,85,10	1,-1,24000	1	1200	1	45,69	2
156	6,86,10	1,-1,24000	1	1200	1	45,69	2
157	6,87,10	1,-1,27000	1	1200	1	55,79	2
158	6,88,10	1,-1,27000	1	1200	1	55,79	2
159	6,89,10	1,-1,27000	1	1200	1	55,79	2
160	6,90,10	1,-1,30000	1	1200	1	65,89	2
161	6,91,10	1,-1,30000	1	1200	1	65,89	2
162	6,92,10	1,-1,30000	1	1200	1	65,89	2
163	6,93,10	1,-1,33000	1	1200	1	75,99	2
164	6,94,10	1,-1,33000	1	1200	1	75,99	2
165	6,95,10	1,-1,33000	1	1200	1	75,99	2
166	6,96,10	1,-1,40000	1	1200	1	80,109	2
167	6,97,10	1,-1,40000	1	1200	1	80,109	2
168	6,98,10	1,-1,40000	1	1200	1	80,109	2
169	6,99,10	1,-1,44000	1	1200	1	85,109	2
170	6,100,10	1,-1,44000	1	1200	1	85,109	2
171	6,101,10	1,-1,44000	1	1200	1	85,109	2
172	6,102,10	1,-1,46000	1	1200	1	90,109	2
173	6,103,10	1,-1,46000	1	1200	1	90,109	2
174	6,104,10	1,-1,46000	1	1200	1	90,109	2
175	6,69,20	1,-1,30000	1	1200	1	1,24	2
176	6,70,20	1,-1,30000	1	1200	1	1,24	2
177	6,71,20	1,-1,30000	1	1200	1	1,24	2
178	6,72,20	1,-1,30000	1	1200	1	16,34	2
179	6,73,20	1,-1,30000	1	1200	1	16,34	2
180	6,74,20	1,-1,30000	1	1200	1	16,34	2
181	6,75,20	1,-1,30000	1	1200	1	20,44	2
182	6,76,20	1,-1,30000	1	1200	1	20,44	2
183	6,77,20	1,-1,30000	1	1200	1	20,44	2
184	6,78,20	1,-1,36000	1	1200	1	22,49	2
185	6,79,20	1,-1,36000	1	1200	1	22,49	2
186	6,80,20	1,-1,36000	1	1200	1	22,49	2
187	6,81,20	1,-1,42000	1	1200	1	35,54	2
188	6,82,20	1,-1,42000	1	1200	1	35,54	2
189	6,83,20	1,-1,42000	1	1200	1	35,54	2
190	6,84,20	1,-1,48000	1	1200	1	45,69	2
191	6,85,20	1,-1,48000	1	1200	1	45,69	2
192	6,86,20	1,-1,48000	1	1200	1	45,69	2
193	6,87,20	1,-1,54000	1	1200	1	55,79	2
194	6,88,20	1,-1,54000	1	1200	1	55,79	2
195	6,89,20	1,-1,54000	1	1200	1	55,79	2
196	6,90,20	1,-1,60000	1	1200	1	65,89	2
197	6,91,20	1,-1,60000	1	1200	1	65,89	2
198	6,92,20	1,-1,60000	1	1200	1	65,89	2
199	6,93,20	1,-1,66000	1	1200	1	75,99	2
200	6,94,20	1,-1,66000	1	1200	1	75,99	2
201	6,95,20	1,-1,66000	1	1200	1	75,99	2
202	6,96,20	1,-1,80000	1	1200	1	80,109	2
203	6,97,20	1,-1,80000	1	1200	1	80,109	2
204	6,98,20	1,-1,80000	1	1200	1	80,109	2
205	6,99,20	1,-1,88000	1	1200	1	85,109	2
206	6,100,20	1,-1,88000	1	1200	1	85,109	2
207	6,101,20	1,-1,88000	1	1200	1	85,109	2
208	6,102,20	1,-1,92000	1	1200	1	90,109	2
209	6,103,20	1,-1,92000	1	1200	1	90,109	2
210	6,104,20	1,-1,92000	1	1200	1	90,109	2
211	6,69,30	1,-1,45000	1	1200	1	1,24	2
212	6,70,30	1,-1,45000	1	1200	1	1,24	2
213	6,71,30	1,-1,45000	1	1200	1	1,24	2
214	6,72,30	1,-1,45000	1	1200	1	16,34	2
215	6,73,30	1,-1,45000	1	1200	1	16,34	2
216	6,74,30	1,-1,45000	1	1200	1	16,34	2
217	6,75,30	1,-1,45000	1	1200	1	20,44	2
218	6,76,30	1,-1,45000	1	1200	1	20,44	2
219	6,77,30	1,-1,45000	1	1200	1	20,44	2
220	6,78,30	1,-1,54000	1	1200	1	22,49	2
221	6,79,30	1,-1,54000	1	1200	1	22,49	2
222	6,80,30	1,-1,54000	1	1200	1	22,49	2
223	6,81,30	1,-1,63000	1	1200	1	35,54	2
224	6,82,30	1,-1,63000	1	1200	1	35,54	2
225	6,83,30	1,-1,63000	1	1200	1	35,54	2
226	6,84,30	1,-1,72000	1	1200	1	45,69	2
227	6,85,30	1,-1,72000	1	1200	1	45,69	2
228	6,86,30	1,-1,72000	1	1200	1	45,69	2
229	6,87,30	1,-1,81000	1	1200	1	55,79	2
230	6,88,30	1,-1,81000	1	1200	1	55,79	2
231	6,89,30	1,-1,81000	1	1200	1	55,79	2
232	6,90,30	1,-1,90000	1	1200	1	65,89	2
233	6,91,30	1,-1,90000	1	1200	1	65,89	2
234	6,92,30	1,-1,90000	1	1200	1	65,89	2
235	6,93,30	1,-1,99000	1	1200	1	75,99	2
236	6,94,30	1,-1,99000	1	1200	1	75,99	2
237	6,95,30	1,-1,99000	1	1200	1	75,99	2
238	6,96,30	1,-1,120000	1	1200	1	80,109	2
239	6,97,30	1,-1,120000	1	1200	1	80,109	2
240	6,98,30	1,-1,120000	1	1200	1	80,109	2
241	6,99,30	1,-1,132000	1	1200	1	85,109	2
242	6,100,30	1,-1,132000	1	1200	1	85,109	2
243	6,101,30	1,-1,132000	1	1200	1	85,109	2
244	6,102,30	1,-1,138000	1	1200	1	90,109	2
245	6,103,30	1,-1,138000	1	1200	1	90,109	2
246	6,104,30	1,-1,138000	1	1200	1	90,109	2
247	6,93,40	1,-1,132000	1	1200	1	75,99	2
248	6,94,40	1,-1,132000	1	1200	1	75,99	2
249	6,95,40	1,-1,132000	1	1200	1	75,99	2
250	6,96,40	1,-1,160000	1	1200	1	80,109	2
251	6,97,40	1,-1,160000	1	1200	1	80,109	2
252	6,98,40	1,-1,160000	1	1200	1	80,109	2
253	6,99,40	1,-1,176000	1	1200	1	85,109	2
254	6,100,40	1,-1,176000	1	1200	1	85,109	2
255	6,101,40	1,-1,176000	1	1200	1	85,109	2
256	6,102,40	1,-1,184000	1	1200	1	90,109	2
257	6,103,40	1,-1,184000	1	1200	1	90,109	2
258	6,104,40	1,-1,184000	1	1200	1	90,109	2
259	6,96,50	1,-1,200000	1	1200	1	80,109	2
260	6,97,50	1,-1,200000	1	1200	1	80,109	2
261	6,98,50	1,-1,200000	1	1200	1	80,109	2
262	6,99,50	1,-1,220000	1	1200	1	85,109	2
263	6,100,50	1,-1,220000	1	1200	1	85,109	2
264	6,101,50	1,-1,220000	1	1200	1	85,109	2
265	6,102,50	1,-1,230000	1	1200	1	90,109	2
266	6,103,50	1,-1,230000	1	1200	1	90,109	2
267	6,104,50	1,-1,230000	1	1200	1	90,109	2
268	6,99,60	1,-1,264000	1	1200	1	85,109	2
269	6,100,60	1,-1,264000	1	1200	1	85,109	2
270	6,101,60	1,-1,264000	1	1200	1	85,109	2
271	6,102,60	1,-1,276000	1	1200	1	90,109	2
272	6,103,60	1,-1,276000	1	1200	1	90,109	2
273	6,104,60	1,-1,276000	1	1200	1	90,109	2
274	6,102,70	1,-1,322000	1	1200	1	90,109	2
275	6,103,70	1,-1,322000	1	1200	1	90,109	2
276	6,104,70	1,-1,322000	1	1200	1	90,109	2
277	6,262,8	1,-1,120000	1	4200	1	1,999	-1
278	6,265,8	1,-1,120000	1	4200	1	1,999	-1
279	6,268,8	1,-1,120000	1	4200	1	1,999	-1
280	6,271,8	1,-1,120000	1	4200	1	1,999	-1
281	6,274,8	1,-1,120000	1	4200	1	1,999	-1
282	6,277,8	1,-1,120000	1	4200	1	1,999	-1
283	6,280,8	1,-1,120000	1	4200	1	1,999	-1
284	6,283,8	1,-1,120000	1	4200	1	1,999	-1
285	6,286,8	1,-1,120000	1	4200	1	1,999	-1
286	6,289,8	1,-1,120000	1	4200	1	1,999	-1
287	6,292,8	1,-1,120000	1	4200	1	1,999	-1
288	6,295,8	1,-1,120000	1	4200	1	1,999	-1
289	6,298,8	1,-1,120000	1	4200	1	1,999	-1
290	6,301,8	1,-1,120000	1	4200	1	1,999	-1
291	6,304,8	1,-1,120000	1	4200	1	1,999	-1
292	6,307,8	1,-1,120000	1	4200	1	1,999	-1
293	6,310,8	1,-1,120000	1	4200	1	1,999	-1
294	6,313,8	1,-1,120000	1	4200	1	1,999	-1
295	6,316,8	1,-1,120000	1	4200	1	1,999	-1
296	6,262,8	1,-1,96000	1	1560	1	1,999	8
297	6,265,8	1,-1,96000	1	1560	1	1,999	8
298	6,268,8	1,-1,96000	1	1560	1	1,999	8
299	6,271,8	1,-1,96000	1	1560	1	1,999	8
300	6,274,8	1,-1,96000	1	1560	1	1,999	8
301	6,277,8	1,-1,96000	1	1560	1	1,999	8
302	6,280,8	1,-1,96000	1	1560	1	1,999	8
303	6,283,8	1,-1,96000	1	1560	1	1,999	8
304	6,286,8	1,-1,96000	1	1560	1	1,999	8
305	6,289,8	1,-1,96000	1	1560	1	1,999	8
306	6,292,8	1,-1,96000	1	1560	1	1,999	8
307	6,295,8	1,-1,96000	1	1560	1	1,999	8
308	6,298,8	1,-1,96000	1	1560	1	1,999	8
309	6,301,8	1,-1,96000	1	1560	1	1,999	8
310	6,304,8	1,-1,96000	1	1560	1	1,999	8
311	6,307,8	1,-1,96000	1	1560	1	1,999	8
312	6,310,8	1,-1,96000	1	1560	1	1,999	8
313	6,313,8	1,-1,96000	1	1560	1	1,999	8
314	6,316,8	1,-1,96000	1	1560	1	1,999	8
315	6,262,8	1,-1,24000	1	240	1	1,999	2
316	6,265,8	1,-1,24000	1	240	1	1,999	2
317	6,268,8	1,-1,24000	1	240	1	1,999	2
318	6,271,8	1,-1,24000	1	240	1	1,999	2
319	6,274,8	1,-1,24000	1	240	1	1,999	2
320	6,277,8	1,-1,24000	1	240	1	1,999	2
321	6,280,8	1,-1,24000	1	240	1	1,999	2
322	6,283,8	1,-1,24000	1	240	1	1,999	2
323	6,286,8	1,-1,24000	1	240	1	1,999	2
324	6,289,8	1,-1,24000	1	240	1	1,999	2
325	6,292,8	1,-1,24000	1	240	1	1,999	2
326	6,295,8	1,-1,24000	1	240	1	1,999	2
327	6,298,8	1,-1,24000	1	240	1	1,999	2
328	6,301,8	1,-1,24000	1	240	1	1,999	2
329	6,304,8	1,-1,24000	1	240	1	1,999	2
330	6,307,8	1,-1,24000	1	240	1	1,999	2
331	6,310,8	1,-1,24000	1	240	1	1,999	2
332	6,313,8	1,-1,24000	1	240	1	1,999	2
333	6,316,8	1,-1,24000	1	240	1	1,999	2
334	6,14,1	2,-1,80	2	1000	1	1,999	-1
335	6,16,1	2,-1,80	2	1000	1	1,999	-1
336	6,17,1	2,-1,80	2	1000	1	1,999	-1
337	6,25,1	2,-1,80	2	1000	1	1,999	-1
338	6,26,1	2,-1,80	2	1000	1	1,999	-1
339	6,34,1	2,-1,80	2	1000	1	1,999	-1
340	6,36,1	2,-1,80	2	1000	1	1,999	-1
341	6,38,1	2,-1,80	2	1000	1	1,999	-1
342	6,14,2	2,-1,160	2	1000	1	1,999	-1
343	6,16,2	2,-1,160	2	1000	1	1,999	-1
344	6,17,2	2,-1,160	2	1000	1	1,999	-1
345	6,25,2	2,-1,160	2	1000	1	1,999	-1
346	6,26,2	2,-1,160	2	1000	1	1,999	-1
347	6,34,2	2,-1,160	2	1000	1	1,999	-1
348	6,36,2	2,-1,160	2	1000	1	1,999	-1
349	6,38,2	2,-1,160	2	1000	1	1,999	-1
350	6,14,5	2,-1,400	2	1000	1	1,999	-1
351	6,16,5	2,-1,400	2	1000	1	1,999	-1
352	6,17,5	2,-1,400	2	1000	1	1,999	-1
353	6,25,5	2,-1,400	2	1000	1	1,999	-1
354	6,26,5	2,-1,400	2	1000	1	1,999	-1
355	6,34,5	2,-1,400	2	1000	1	1,999	-1
356	6,36,5	2,-1,400	2	1000	1	1,999	-1
357	6,38,5	2,-1,400	2	1000	1	1,999	-1
358	6,41,1	2,-1,40	3	1000	1	1,999	-1
359	6,42,1	2,-1,40	3	1000	1	1,999	-1
360	6,43,1	2,-1,40	3	1000	1	1,999	-1
361	6,44,1	2,-1,40	3	1000	1	1,999	-1
362	6,45,1	2,-1,40	3	1000	1	1,999	-1
363	6,46,1	2,-1,40	3	1000	1	1,999	-1
364	6,47,1	2,-1,40	3	1000	1	1,999	-1
365	6,48,1	2,-1,40	3	1000	1	1,999	-1
366	6,49,1	2,-1,40	3	1000	1	1,999	-1
367	6,50,1	2,-1,40	3	1000	1	1,999	-1
368	6,51,1	2,-1,40	3	1000	1	1,999	-1
369	6,53,1	2,-1,40	3	1000	1	1,999	-1
370	6,54,1	2,-1,40	3	1000	1	1,999	-1
371	6,55,1	2,-1,40	3	1000	1	1,999	-1
372	6,56,1	2,-1,40	3	1000	1	1,999	-1
373	6,41,2	2,-1,80	3	1000	1	1,999	-1
374	6,42,2	2,-1,80	3	1000	1	1,999	-1
375	6,43,2	2,-1,80	3	1000	1	1,999	-1
376	6,44,2	2,-1,80	3	1000	1	1,999	-1
377	6,45,2	2,-1,80	3	1000	1	1,999	-1
378	6,46,2	2,-1,80	3	1000	1	1,999	-1
379	6,47,2	2,-1,80	3	1000	1	1,999	-1
380	6,48,2	2,-1,80	3	1000	1	1,999	-1
381	6,49,2	2,-1,80	3	1000	1	1,999	-1
382	6,50,2	2,-1,80	3	1000	1	1,999	-1
383	6,51,2	2,-1,80	3	1000	1	1,999	-1
384	6,53,2	2,-1,80	3	1000	1	1,999	-1
385	6,54,2	2,-1,80	3	1000	1	1,999	-1
386	6,55,2	2,-1,80	3	1000	1	1,999	-1
387	6,56,2	2,-1,80	3	1000	1	1,999	-1
388	6,41,5	2,-1,200	3	1000	1	1,999	-1
389	6,42,5	2,-1,200	3	1000	1	1,999	-1
390	6,43,5	2,-1,200	3	1000	1	1,999	-1
391	6,44,5	2,-1,200	3	1000	1	1,999	-1
392	6,45,5	2,-1,200	3	1000	1	1,999	-1
393	6,46,5	2,-1,200	3	1000	1	1,999	-1
394	6,47,5	2,-1,200	3	1000	1	1,999	-1
395	6,48,5	2,-1,200	3	1000	1	1,999	-1
396	6,49,5	2,-1,200	3	1000	1	1,999	-1
397	6,50,5	2,-1,200	3	1000	1	1,999	-1
398	6,51,5	2,-1,200	3	1000	1	1,999	-1
399	6,53,5	2,-1,200	3	1000	1	1,999	-1
400	6,54,5	2,-1,200	3	1000	1	1,999	-1
401	6,55,5	2,-1,200	3	1000	1	1,999	-1
402	6,56,5	2,-1,200	3	1000	1	1,999	-1
403	6,41,1	2,-1,40	4	1000	1	1,999	-1
404	6,42,1	2,-1,40	4	1000	1	1,999	-1
405	6,43,1	2,-1,40	4	1000	1	1,999	-1
406	6,44,1	2,-1,40	4	1000	1	1,999	-1
407	6,45,1	2,-1,40	4	1000	1	1,999	-1
408	6,46,1	2,-1,40	4	1000	1	1,999	-1
409	6,47,1	2,-1,40	4	1000	1	1,999	-1
410	6,48,1	2,-1,40	4	1000	1	1,999	-1
411	6,49,1	2,-1,40	4	1000	1	1,999	-1
412	6,50,1	2,-1,40	4	1000	1	1,999	-1
413	6,51,1	2,-1,40	4	1000	1	1,999	-1
414	6,53,1	2,-1,40	4	1000	1	1,999	-1
415	6,54,1	2,-1,40	4	1000	1	1,999	-1
416	6,55,1	2,-1,40	4	1000	1	1,999	-1
417	6,56,1	2,-1,40	4	1000	1	1,999	-1
418	6,41,2	2,-1,80	4	1000	1	1,999	-1
419	6,42,2	2,-1,80	4	1000	1	1,999	-1
420	6,43,2	2,-1,80	4	1000	1	1,999	-1
421	6,44,2	2,-1,80	4	1000	1	1,999	-1
422	6,45,2	2,-1,80	4	1000	1	1,999	-1
423	6,46,2	2,-1,80	4	1000	1	1,999	-1
424	6,47,2	2,-1,80	4	1000	1	1,999	-1
425	6,48,2	2,-1,80	4	1000	1	1,999	-1
426	6,49,2	2,-1,80	4	1000	1	1,999	-1
427	6,50,2	2,-1,80	4	1000	1	1,999	-1
428	6,51,2	2,-1,80	4	1000	1	1,999	-1
429	6,53,2	2,-1,80	4	1000	1	1,999	-1
430	6,54,2	2,-1,80	4	1000	1	1,999	-1
431	6,55,2	2,-1,80	4	1000	1	1,999	-1
432	6,56,2	2,-1,80	4	1000	1	1,999	-1
433	6,41,5	2,-1,200	4	1000	1	1,999	-1
434	6,42,5	2,-1,200	4	1000	1	1,999	-1
435	6,43,5	2,-1,200	4	1000	1	1,999	-1
436	6,44,5	2,-1,200	4	1000	1	1,999	-1
437	6,45,5	2,-1,200	4	1000	1	1,999	-1
438	6,46,5	2,-1,200	4	1000	1	1,999	-1
439	6,47,5	2,-1,200	4	1000	1	1,999	-1
440	6,48,5	2,-1,200	4	1000	1	1,999	-1
441	6,49,5	2,-1,200	4	1000	1	1,999	-1
442	6,50,5	2,-1,200	4	1000	1	1,999	-1
443	6,51,5	2,-1,200	4	1000	1	1,999	-1
444	6,53,5	2,-1,200	4	1000	1	1,999	-1
445	6,54,5	2,-1,200	4	1000	1	1,999	-1
446	6,55,5	2,-1,200	4	1000	1	1,999	-1
447	6,56,5	2,-1,200	4	1000	1	1,999	-1
448	7,184,1	2,-1,100	5	6000	1	1,999	-1
449	7,185,1	2,-1,200	5	4000	1	1,999	-1
450	7,187,1	2,-1,100	6	6000	1	1,999	-1
451	7,188,1	2,-1,200	6	4000	1	1,999	-1
452	6,262,30	2,-1,300	7	1000	1	1,999	-1
453	6,265,30	2,-1,300	7	1000	1	1,999	-1
454	6,268,30	2,-1,300	7	1000	1	1,999	-1
455	6,271,30	2,-1,300	7	1000	1	1,999	-1
456	6,274,30	2,-1,300	7	1000	1	1,999	-1
457	6,277,30	2,-1,300	7	1000	1	1,999	-1
458	6,280,30	2,-1,300	7	1000	1	1,999	-1
459	6,283,30	2,-1,300	7	1000	1	1,999	-1
460	6,286,30	2,-1,300	7	1000	1	1,999	-1
461	6,289,30	2,-1,300	7	1000	1	1,999	-1
462	6,292,30	2,-1,300	7	1000	1	1,999	-1
463	6,295,30	2,-1,300	7	1000	1	1,999	-1
464	6,298,30	2,-1,300	7	1000	1	1,999	-1
465	6,301,30	2,-1,300	7	1000	1	1,999	-1
466	6,304,30	2,-1,300	7	1000	1	1,999	-1
467	6,307,30	2,-1,300	7	1000	1	1,999	-1
468	6,310,30	2,-1,300	7	1000	1	1,999	-1
469	6,313,30	2,-1,300	7	1000	1	1,999	-1
470	6,316,30	2,-1,300	7	1000	1	1,999	-1
471	6,236,30	2,-1,300	7	1000	1	1,999	-1
472	6,263,30	2,-1,1200	7	1000	1	1,999	-1
473	6,266,30	2,-1,1200	7	1000	1	1,999	-1
474	6,269,30	2,-1,1200	7	1000	1	1,999	-1
475	6,272,30	2,-1,1200	7	1000	1	1,999	-1
476	6,275,30	2,-1,1200	7	1000	1	1,999	-1
477	6,278,30	2,-1,1200	7	1000	1	1,999	-1
478	6,281,30	2,-1,1200	7	1000	1	1,999	-1
479	6,284,30	2,-1,1200	7	1000	1	1,999	-1
480	6,287,30	2,-1,1200	7	1000	1	1,999	-1
481	6,290,30	2,-1,1200	7	1000	1	1,999	-1
482	6,293,30	2,-1,1200	7	1000	1	1,999	-1
483	6,296,30	2,-1,1200	7	1000	1	1,999	-1
484	6,299,30	2,-1,1200	7	1000	1	1,999	-1
485	6,302,30	2,-1,1200	7	1000	1	1,999	-1
486	6,305,30	2,-1,1200	7	1000	1	1,999	-1
487	6,308,30	2,-1,1200	7	1000	1	1,999	-1
488	6,311,30	2,-1,1200	7	1000	1	1,999	-1
489	6,314,30	2,-1,1200	7	1000	1	1,999	-1
490	6,317,30	2,-1,1200	7	1000	1	1,999	-1
491	6,237,30	2,-1,1200	7	1000	1	1,999	-1
492	6,238,40	2,-1,600	7	1000	1	1,999	-1
493	6,262,30	2,-1,300	8	1000	1	1,999	-1
494	6,265,30	2,-1,300	8	1000	1	1,999	-1
495	6,268,30	2,-1,300	8	1000	1	1,999	-1
496	6,271,30	2,-1,300	8	1000	1	1,999	-1
497	6,274,30	2,-1,300	8	1000	1	1,999	-1
498	6,277,30	2,-1,300	8	1000	1	1,999	-1
499	6,280,30	2,-1,300	8	1000	1	1,999	-1
500	6,283,30	2,-1,300	8	1000	1	1,999	-1
501	6,286,30	2,-1,300	8	1000	1	1,999	-1
502	6,289,30	2,-1,300	8	1000	1	1,999	-1
503	6,292,30	2,-1,300	8	1000	1	1,999	-1
504	6,295,30	2,-1,300	8	1000	1	1,999	-1
505	6,298,30	2,-1,300	8	1000	1	1,999	-1
506	6,301,30	2,-1,300	8	1000	1	1,999	-1
507	6,304,30	2,-1,300	8	1000	1	1,999	-1
508	6,307,30	2,-1,300	8	1000	1	1,999	-1
509	6,310,30	2,-1,300	8	1000	1	1,999	-1
510	6,313,30	2,-1,300	8	1000	1	1,999	-1
511	6,316,30	2,-1,300	8	1000	1	1,999	-1
512	6,236,30	2,-1,300	8	1000	1	1,999	-1
513	6,263,30	2,-1,1200	8	1000	1	1,999	-1
514	6,266,30	2,-1,1200	8	1000	1	1,999	-1
515	6,269,30	2,-1,1200	8	1000	1	1,999	-1
516	6,272,30	2,-1,1200	8	1000	1	1,999	-1
517	6,275,30	2,-1,1200	8	1000	1	1,999	-1
518	6,278,30	2,-1,1200	8	1000	1	1,999	-1
519	6,281,30	2,-1,1200	8	1000	1	1,999	-1
520	6,284,30	2,-1,1200	8	1000	1	1,999	-1
521	6,287,30	2,-1,1200	8	1000	1	1,999	-1
522	6,290,30	2,-1,1200	8	1000	1	1,999	-1
523	6,293,30	2,-1,1200	8	1000	1	1,999	-1
524	6,296,30	2,-1,1200	8	1000	1	1,999	-1
525	6,299,30	2,-1,1200	8	1000	1	1,999	-1
526	6,302,30	2,-1,1200	8	1000	1	1,999	-1
527	6,305,30	2,-1,1200	8	1000	1	1,999	-1
528	6,308,30	2,-1,1200	8	1000	1	1,999	-1
529	6,311,30	2,-1,1200	8	1000	1	1,999	-1
530	6,314,30	2,-1,1200	8	1000	1	1,999	-1
531	6,317,30	2,-1,1200	8	1000	1	1,999	-1
532	6,237,30	2,-1,1200	8	1000	1	1,999	-1
533	6,238,40	2,-1,600	8	1000	1	1,999	-1
534	7,185,1	1,-1,450000	9	1667	1	1,999	-1
535	7,185,1	1,-1,90000	9	1667	1	1,999	2
536	7,188,1	1,-1,450000	9	1667	1	1,999	-1
537	7,188,1	1,-1,90000	9	1667	1	1,999	2
538	6,238,10	1,-1,225000	9	3333	1	1,999	-1
539	6,68,60	2,-1,300	10	1000	1	1,999	-1
540	6,68,120	2,-1,600	10	1000	1	1,999	-1
541	6,69,30	2,-1,150	11	1000	1	1,24	-1
542	6,70,30	2,-1,150	11	1000	1	1,24	-1
543	6,71,30	2,-1,150	11	1000	1	1,24	-1
544	6,72,30	2,-1,150	11	1000	1	16,34	-1
545	6,73,30	2,-1,150	11	1000	1	16,34	-1
546	6,74,30	2,-1,150	11	1000	1	16,34	-1
547	6,75,30	2,-1,180	11	1000	1	20,44	-1
548	6,76,30	2,-1,180	11	1000	1	20,44	-1
549	6,77,30	2,-1,180	11	1000	1	20,44	-1
550	6,78,30	2,-1,180	11	1000	1	22,49	-1
551	6,79,30	2,-1,180	11	1000	1	22,49	-1
552	6,80,30	2,-1,180	11	1000	1	22,49	-1
553	6,81,30	2,-1,210	11	1000	1	35,54	-1
554	6,82,30	2,-1,210	11	1000	1	35,54	-1
555	6,83,30	2,-1,210	11	1000	1	35,54	-1
556	6,84,30	2,-1,240	11	1000	1	45,69	-1
557	6,85,30	2,-1,240	11	1000	1	45,69	-1
558	6,86,30	2,-1,240	11	1000	1	45,69	-1
559	6,87,30	2,-1,270	11	1000	1	55,79	-1
560	6,88,30	2,-1,270	11	1000	1	55,79	-1
561	6,89,30	2,-1,270	11	1000	1	55,79	-1
562	6,90,30	2,-1,300	11	1000	1	65,89	-1
563	6,91,30	2,-1,300	11	1000	1	65,89	-1
564	6,92,30	2,-1,300	11	1000	1	65,89	-1
565	6,93,30	2,-1,330	11	1000	1	75,99	-1
566	6,94,30	2,-1,330	11	1000	1	75,99	-1
567	6,95,30	2,-1,330	11	1000	1	75,99	-1
568	6,96,30	2,-1,360	11	1000	1	80,109	-1
569	6,97,30	2,-1,360	11	1000	1	80,109	-1
570	6,98,30	2,-1,360	11	1000	1	80,109	-1
571	6,99,30	2,-1,390	11	1000	1	85,109	-1
572	6,100,30	2,-1,390	11	1000	1	85,109	-1
573	6,101,30	2,-1,390	11	1000	1	85,109	-1
574	6,102,30	2,-1,420	11	1000	1	90,109	-1
575	6,103,30	2,-1,420	11	1000	1	90,109	-1
576	6,104,30	2,-1,420	11	1000	1	90,109	-1
577	6,69,60	2,-1,300	11	1000	1	1,24	-1
578	6,70,60	2,-1,300	11	1000	1	1,24	-1
579	6,71,60	2,-1,300	11	1000	1	1,24	-1
580	6,72,60	2,-1,300	11	1000	1	16,34	-1
581	6,73,60	2,-1,300	11	1000	1	16,34	-1
582	6,74,60	2,-1,300	11	1000	1	16,34	-1
583	6,75,60	2,-1,360	11	1000	1	20,44	-1
584	6,76,60	2,-1,360	11	1000	1	20,44	-1
585	6,77,60	2,-1,360	11	1000	1	20,44	-1
586	6,78,60	2,-1,360	11	1000	1	22,49	-1
587	6,79,60	2,-1,360	11	1000	1	22,49	-1
588	6,80,60	2,-1,360	11	1000	1	22,49	-1
589	6,81,60	2,-1,420	11	1000	1	35,54	-1
590	6,82,60	2,-1,420	11	1000	1	35,54	-1
591	6,83,60	2,-1,420	11	1000	1	35,54	-1
592	6,84,60	2,-1,480	11	1000	1	45,69	-1
593	6,85,60	2,-1,480	11	1000	1	45,69	-1
594	6,86,60	2,-1,480	11	1000	1	45,69	-1
595	6,87,60	2,-1,540	11	1000	1	55,79	-1
596	6,88,60	2,-1,540	11	1000	1	55,79	-1
597	6,89,60	2,-1,540	11	1000	1	55,79	-1
598	6,90,60	2,-1,600	11	1000	1	65,89	-1
599	6,91,60	2,-1,600	11	1000	1	65,89	-1
600	6,92,60	2,-1,600	11	1000	1	65,89	-1
601	6,93,60	2,-1,660	11	1000	1	75,99	-1
602	6,94,60	2,-1,660	11	1000	1	75,99	-1
603	6,95,60	2,-1,660	11	1000	1	75,99	-1
604	6,96,60	2,-1,720	11	1000	1	80,109	-1
605	6,97,60	2,-1,720	11	1000	1	80,109	-1
606	6,98,60	2,-1,720	11	1000	1	80,109	-1
607	6,99,60	2,-1,780	11	1000	1	85,109	-1
608	6,100,60	2,-1,780	11	1000	1	85,109	-1
609	6,101,60	2,-1,780	11	1000	1	85,109	-1
610	6,102,60	2,-1,840	11	1000	1	90,109	-1
611	6,103,60	2,-1,840	11	1000	1	90,109	-1
612	6,104,60	2,-1,840	11	1000	1	90,109	-1
613	6,84,100	2,-1,800	11	1000	1	45,69	-1
614	6,85,100	2,-1,800	11	1000	1	45,69	-1
615	6,86,100	2,-1,800	11	1000	1	45,69	-1
616	6,87,100	2,-1,900	11	1000	1	55,79	-1
617	6,88,100	2,-1,900	11	1000	1	55,79	-1
618	6,89,100	2,-1,900	11	1000	1	55,79	-1
619	6,90,100	2,-1,1000	11	1000	1	65,89	-1
620	6,91,100	2,-1,1000	11	1000	1	65,89	-1
621	6,92,100	2,-1,1000	11	1000	1	65,89	-1
622	6,93,100	2,-1,1100	11	1000	1	75,99	-1
623	6,94,100	2,-1,1100	11	1000	1	75,99	-1
624	6,95,100	2,-1,1100	11	1000	1	75,99	-1
625	6,96,100	2,-1,1200	11	1000	1	80,109	-1
626	6,97,100	2,-1,1200	11	1000	1	80,109	-1
627	6,98,100	2,-1,1200	11	1000	1	80,109	-1
628	6,99,100	2,-1,1300	11	1000	1	85,109	-1
629	6,100,100	2,-1,1300	11	1000	1	85,109	-1
630	6,101,100	2,-1,1300	11	1000	1	85,109	-1
631	6,102,100	2,-1,1400	11	1000	1	90,109	-1
632	6,103,100	2,-1,1400	11	1000	1	90,109	-1
633	6,104,100	2,-1,1400	11	1000	1	90,109	-1
634	6,69,30	2,-1,150	12	1000	1	1,24	-1
635	6,70,30	2,-1,150	12	1000	1	1,24	-1
636	6,71,30	2,-1,150	12	1000	1	1,24	-1
637	6,72,30	2,-1,150	12	1000	1	16,34	-1
638	6,73,30	2,-1,150	12	1000	1	16,34	-1
639	6,74,30	2,-1,150	12	1000	1	16,34	-1
640	6,75,30	2,-1,180	12	1000	1	20,44	-1
641	6,76,30	2,-1,180	12	1000	1	20,44	-1
642	6,77,30	2,-1,180	12	1000	1	20,44	-1
643	6,78,30	2,-1,180	12	1000	1	22,49	-1
644	6,79,30	2,-1,180	12	1000	1	22,49	-1
645	6,80,30	2,-1,180	12	1000	1	22,49	-1
646	6,81,30	2,-1,210	12	1000	1	35,54	-1
647	6,82,30	2,-1,210	12	1000	1	35,54	-1
648	6,83,30	2,-1,210	12	1000	1	35,54	-1
649	6,84,30	2,-1,240	12	1000	1	45,69	-1
650	6,85,30	2,-1,240	12	1000	1	45,69	-1
651	6,86,30	2,-1,240	12	1000	1	45,69	-1
652	6,87,30	2,-1,270	12	1000	1	55,79	-1
653	6,88,30	2,-1,270	12	1000	1	55,79	-1
654	6,89,30	2,-1,270	12	1000	1	55,79	-1
655	6,90,30	2,-1,300	12	1000	1	65,89	-1
656	6,91,30	2,-1,300	12	1000	1	65,89	-1
657	6,92,30	2,-1,300	12	1000	1	65,89	-1
658	6,93,30	2,-1,330	12	1000	1	75,99	-1
659	6,94,30	2,-1,330	12	1000	1	75,99	-1
660	6,95,30	2,-1,330	12	1000	1	75,99	-1
661	6,96,30	2,-1,360	12	1000	1	80,109	-1
662	6,97,30	2,-1,360	12	1000	1	80,109	-1
663	6,98,30	2,-1,360	12	1000	1	80,109	-1
664	6,99,30	2,-1,390	12	1000	1	85,109	-1
665	6,100,30	2,-1,390	12	1000	1	85,109	-1
666	6,101,30	2,-1,390	12	1000	1	85,109	-1
667	6,102,30	2,-1,420	12	1000	1	90,109	-1
668	6,103,30	2,-1,420	12	1000	1	90,109	-1
669	6,104,30	2,-1,420	12	1000	1	90,109	-1
670	6,69,60	2,-1,300	12	1000	1	1,24	-1
671	6,70,60	2,-1,300	12	1000	1	1,24	-1
672	6,71,60	2,-1,300	12	1000	1	1,24	-1
673	6,72,60	2,-1,300	12	1000	1	16,34	-1
674	6,73,60	2,-1,300	12	1000	1	16,34	-1
675	6,74,60	2,-1,300	12	1000	1	16,34	-1
676	6,75,60	2,-1,360	12	1000	1	20,44	-1
677	6,76,60	2,-1,360	12	1000	1	20,44	-1
678	6,77,60	2,-1,360	12	1000	1	20,44	-1
679	6,78,60	2,-1,360	12	1000	1	22,49	-1
680	6,79,60	2,-1,360	12	1000	1	22,49	-1
681	6,80,60	2,-1,360	12	1000	1	22,49	-1
682	6,81,60	2,-1,420	12	1000	1	35,54	-1
683	6,82,60	2,-1,420	12	1000	1	35,54	-1
684	6,83,60	2,-1,420	12	1000	1	35,54	-1
685	6,84,60	2,-1,480	12	1000	1	45,69	-1
686	6,85,60	2,-1,480	12	1000	1	45,69	-1
687	6,86,60	2,-1,480	12	1000	1	45,69	-1
688	6,87,60	2,-1,540	12	1000	1	55,79	-1
689	6,88,60	2,-1,540	12	1000	1	55,79	-1
690	6,89,60	2,-1,540	12	1000	1	55,79	-1
691	6,90,60	2,-1,600	12	1000	1	65,89	-1
692	6,91,60	2,-1,600	12	1000	1	65,89	-1
693	6,92,60	2,-1,600	12	1000	1	65,89	-1
694	6,93,60	2,-1,660	12	1000	1	75,99	-1
695	6,94,60	2,-1,660	12	1000	1	75,99	-1
696	6,95,60	2,-1,660	12	1000	1	75,99	-1
697	6,96,60	2,-1,720	12	1000	1	80,109	-1
698	6,97,60	2,-1,720	12	1000	1	80,109	-1
699	6,98,60	2,-1,720	12	1000	1	80,109	-1
700	6,99,60	2,-1,780	12	1000	1	85,109	-1
701	6,100,60	2,-1,780	12	1000	1	85,109	-1
702	6,101,60	2,-1,780	12	1000	1	85,109	-1
703	6,102,60	2,-1,840	12	1000	1	90,109	-1
704	6,103,60	2,-1,840	12	1000	1	90,109	-1
705	6,104,60	2,-1,840	12	1000	1	90,109	-1
706	6,84,100	2,-1,800	12	1000	1	45,69	-1
707	6,85,100	2,-1,800	12	1000	1	45,69	-1
708	6,86,100	2,-1,800	12	1000	1	45,69	-1
709	6,87,100	2,-1,900	12	1000	1	55,79	-1
710	6,88,100	2,-1,900	12	1000	1	55,79	-1
711	6,89,100	2,-1,900	12	1000	1	55,79	-1
712	6,90,100	2,-1,1000	12	1000	1	65,89	-1
713	6,91,100	2,-1,1000	12	1000	1	65,89	-1
714	6,92,100	2,-1,1000	12	1000	1	65,89	-1
715	6,93,100	2,-1,1100	12	1000	1	75,99	-1
716	6,94,100	2,-1,1100	12	1000	1	75,99	-1
717	6,95,100	2,-1,1100	12	1000	1	75,99	-1
718	6,96,100	2,-1,1200	12	1000	1	80,109	-1
719	6,97,100	2,-1,1200	12	1000	1	80,109	-1
720	6,98,100	2,-1,1200	12	1000	1	80,109	-1
721	6,99,100	2,-1,1300	12	1000	1	85,109	-1
722	6,100,100	2,-1,1300	12	1000	1	85,109	-1
723	6,101,100	2,-1,1300	12	1000	1	85,109	-1
724	6,102,100	2,-1,1400	12	1000	1	90,109	-1
725	6,103,100	2,-1,1400	12	1000	1	90,109	-1
726	6,104,100	2,-1,1400	12	1000	1	90,109	-1
727	6,69,30	2,-1,150	13	1000	1	1,24	-1
728	6,70,30	2,-1,150	13	1000	1	1,24	-1
729	6,71,30	2,-1,150	13	1000	1	1,24	-1
730	6,72,30	2,-1,150	13	1000	1	16,34	-1
731	6,73,30	2,-1,150	13	1000	1	16,34	-1
732	6,74,30	2,-1,150	13	1000	1	16,34	-1
733	6,75,30	2,-1,180	13	1000	1	20,44	-1
734	6,76,30	2,-1,180	13	1000	1	20,44	-1
735	6,77,30	2,-1,180	13	1000	1	20,44	-1
736	6,78,30	2,-1,180	13	1000	1	22,49	-1
737	6,79,30	2,-1,180	13	1000	1	22,49	-1
738	6,80,30	2,-1,180	13	1000	1	22,49	-1
739	6,81,30	2,-1,210	13	1000	1	35,54	-1
740	6,82,30	2,-1,210	13	1000	1	35,54	-1
741	6,83,30	2,-1,210	13	1000	1	35,54	-1
742	6,84,30	2,-1,240	13	1000	1	45,69	-1
743	6,85,30	2,-1,240	13	1000	1	45,69	-1
744	6,86,30	2,-1,240	13	1000	1	45,69	-1
745	6,87,30	2,-1,270	13	1000	1	55,79	-1
746	6,88,30	2,-1,270	13	1000	1	55,79	-1
747	6,89,30	2,-1,270	13	1000	1	55,79	-1
748	6,90,30	2,-1,300	13	1000	1	65,89	-1
749	6,91,30	2,-1,300	13	1000	1	65,89	-1
750	6,92,30	2,-1,300	13	1000	1	65,89	-1
751	6,93,30	2,-1,330	13	1000	1	75,99	-1
752	6,94,30	2,-1,330	13	1000	1	75,99	-1
753	6,95,30	2,-1,330	13	1000	1	75,99	-1
754	6,96,30	2,-1,360	13	1000	1	80,109	-1
755	6,97,30	2,-1,360	13	1000	1	80,109	-1
756	6,98,30	2,-1,360	13	1000	1	80,109	-1
757	6,99,30	2,-1,390	13	1000	1	85,109	-1
758	6,100,30	2,-1,390	13	1000	1	85,109	-1
759	6,101,30	2,-1,390	13	1000	1	85,109	-1
760	6,102,30	2,-1,420	13	1000	1	90,109	-1
761	6,103,30	2,-1,420	13	1000	1	90,109	-1
762	6,104,30	2,-1,420	13	1000	1	90,109	-1
763	6,69,60	2,-1,300	13	1000	1	1,24	-1
764	6,70,60	2,-1,300	13	1000	1	1,24	-1
765	6,71,60	2,-1,300	13	1000	1	1,24	-1
766	6,72,60	2,-1,300	13	1000	1	16,34	-1
767	6,73,60	2,-1,300	13	1000	1	16,34	-1
768	6,74,60	2,-1,300	13	1000	1	16,34	-1
769	6,75,60	2,-1,360	13	1000	1	20,44	-1
770	6,76,60	2,-1,360	13	1000	1	20,44	-1
771	6,77,60	2,-1,360	13	1000	1	20,44	-1
772	6,78,60	2,-1,360	13	1000	1	22,49	-1
773	6,79,60	2,-1,360	13	1000	1	22,49	-1
774	6,80,60	2,-1,360	13	1000	1	22,49	-1
775	6,81,60	2,-1,420	13	1000	1	35,54	-1
776	6,82,60	2,-1,420	13	1000	1	35,54	-1
777	6,83,60	2,-1,420	13	1000	1	35,54	-1
778	6,84,60	2,-1,480	13	1000	1	45,69	-1
779	6,85,60	2,-1,480	13	1000	1	45,69	-1
780	6,86,60	2,-1,480	13	1000	1	45,69	-1
781	6,87,60	2,-1,540	13	1000	1	55,79	-1
782	6,88,60	2,-1,540	13	1000	1	55,79	-1
783	6,89,60	2,-1,540	13	1000	1	55,79	-1
784	6,90,60	2,-1,600	13	1000	1	65,89	-1
785	6,91,60	2,-1,600	13	1000	1	65,89	-1
786	6,92,60	2,-1,600	13	1000	1	65,89	-1
787	6,93,60	2,-1,660	13	1000	1	75,99	-1
788	6,94,60	2,-1,660	13	1000	1	75,99	-1
789	6,95,60	2,-1,660	13	1000	1	75,99	-1
790	6,96,60	2,-1,720	13	1000	1	80,109	-1
791	6,97,60	2,-1,720	13	1000	1	80,109	-1
792	6,98,60	2,-1,720	13	1000	1	80,109	-1
793	6,99,60	2,-1,780	13	1000	1	85,109	-1
794	6,100,60	2,-1,780	13	1000	1	85,109	-1
795	6,101,60	2,-1,780	13	1000	1	85,109	-1
796	6,102,60	2,-1,840	13	1000	1	90,109	-1
797	6,103,60	2,-1,840	13	1000	1	90,109	-1
798	6,104,60	2,-1,840	13	1000	1	90,109	-1
799	6,84,100	2,-1,800	13	1000	1	45,69	-1
800	6,85,100	2,-1,800	13	1000	1	45,69	-1
801	6,86,100	2,-1,800	13	1000	1	45,69	-1
802	6,87,100	2,-1,900	13	1000	1	55,79	-1
803	6,88,100	2,-1,900	13	1000	1	55,79	-1
804	6,89,100	2,-1,900	13	1000	1	55,79	-1
805	6,90,100	2,-1,1000	13	1000	1	65,89	-1
806	6,91,100	2,-1,1000	13	1000	1	65,89	-1
807	6,92,100	2,-1,1000	13	1000	1	65,89	-1
808	6,93,100	2,-1,1100	13	1000	1	75,99	-1
809	6,94,100	2,-1,1100	13	1000	1	75,99	-1
810	6,95,100	2,-1,1100	13	1000	1	75,99	-1
811	6,96,100	2,-1,1200	13	1000	1	80,109	-1
812	6,97,100	2,-1,1200	13	1000	1	80,109	-1
813	6,98,100	2,-1,1200	13	1000	1	80,109	-1
814	6,99,100	2,-1,1300	13	1000	1	85,109	-1
815	6,100,100	2,-1,1300	13	1000	1	85,109	-1
816	6,101,100	2,-1,1300	13	1000	1	85,109	-1
817	6,102,100	2,-1,1400	13	1000	1	90,109	-1
818	6,103,100	2,-1,1400	13	1000	1	90,109	-1
819	6,104,100	2,-1,1400	13	1000	1	90,109	-1
820	6,69,30	2,-1,150	14	1000	1	1,24	-1
821	6,70,30	2,-1,150	14	1000	1	1,24	-1
822	6,71,30	2,-1,150	14	1000	1	1,24	-1
823	6,72,30	2,-1,150	14	1000	1	16,34	-1
824	6,73,30	2,-1,150	14	1000	1	16,34	-1
825	6,74,30	2,-1,150	14	1000	1	16,34	-1
826	6,75,30	2,-1,180	14	1000	1	20,44	-1
827	6,76,30	2,-1,180	14	1000	1	20,44	-1
828	6,77,30	2,-1,180	14	1000	1	20,44	-1
829	6,78,30	2,-1,180	14	1000	1	22,49	-1
830	6,79,30	2,-1,180	14	1000	1	22,49	-1
831	6,80,30	2,-1,180	14	1000	1	22,49	-1
832	6,81,30	2,-1,210	14	1000	1	35,54	-1
833	6,82,30	2,-1,210	14	1000	1	35,54	-1
834	6,83,30	2,-1,210	14	1000	1	35,54	-1
835	6,84,30	2,-1,240	14	1000	1	45,69	-1
836	6,85,30	2,-1,240	14	1000	1	45,69	-1
837	6,86,30	2,-1,240	14	1000	1	45,69	-1
838	6,87,30	2,-1,270	14	1000	1	55,79	-1
839	6,88,30	2,-1,270	14	1000	1	55,79	-1
840	6,89,30	2,-1,270	14	1000	1	55,79	-1
841	6,90,30	2,-1,300	14	1000	1	65,89	-1
842	6,91,30	2,-1,300	14	1000	1	65,89	-1
843	6,92,30	2,-1,300	14	1000	1	65,89	-1
844	6,93,30	2,-1,330	14	1000	1	75,99	-1
845	6,94,30	2,-1,330	14	1000	1	75,99	-1
846	6,95,30	2,-1,330	14	1000	1	75,99	-1
847	6,96,30	2,-1,360	14	1000	1	80,109	-1
848	6,97,30	2,-1,360	14	1000	1	80,109	-1
849	6,98,30	2,-1,360	14	1000	1	80,109	-1
850	6,99,30	2,-1,390	14	1000	1	85,109	-1
851	6,100,30	2,-1,390	14	1000	1	85,109	-1
852	6,101,30	2,-1,390	14	1000	1	85,109	-1
853	6,102,30	2,-1,420	14	1000	1	90,109	-1
854	6,103,30	2,-1,420	14	1000	1	90,109	-1
855	6,104,30	2,-1,420	14	1000	1	90,109	-1
856	6,69,60	2,-1,300	14	1000	1	1,24	-1
857	6,70,60	2,-1,300	14	1000	1	1,24	-1
858	6,71,60	2,-1,300	14	1000	1	1,24	-1
859	6,72,60	2,-1,300	14	1000	1	16,34	-1
860	6,73,60	2,-1,300	14	1000	1	16,34	-1
861	6,74,60	2,-1,300	14	1000	1	16,34	-1
862	6,75,60	2,-1,360	14	1000	1	20,44	-1
863	6,76,60	2,-1,360	14	1000	1	20,44	-1
864	6,77,60	2,-1,360	14	1000	1	20,44	-1
865	6,78,60	2,-1,360	14	1000	1	22,49	-1
866	6,79,60	2,-1,360	14	1000	1	22,49	-1
867	6,80,60	2,-1,360	14	1000	1	22,49	-1
868	6,81,60	2,-1,420	14	1000	1	35,54	-1
869	6,82,60	2,-1,420	14	1000	1	35,54	-1
870	6,83,60	2,-1,420	14	1000	1	35,54	-1
871	6,84,60	2,-1,480	14	1000	1	45,69	-1
872	6,85,60	2,-1,480	14	1000	1	45,69	-1
873	6,86,60	2,-1,480	14	1000	1	45,69	-1
874	6,87,60	2,-1,540	14	1000	1	55,79	-1
875	6,88,60	2,-1,540	14	1000	1	55,79	-1
876	6,89,60	2,-1,540	14	1000	1	55,79	-1
877	6,90,60	2,-1,600	14	1000	1	65,89	-1
878	6,91,60	2,-1,600	14	1000	1	65,89	-1
879	6,92,60	2,-1,600	14	1000	1	65,89	-1
880	6,93,60	2,-1,660	14	1000	1	75,99	-1
881	6,94,60	2,-1,660	14	1000	1	75,99	-1
882	6,95,60	2,-1,660	14	1000	1	75,99	-1
883	6,96,60	2,-1,720	14	1000	1	80,109	-1
884	6,97,60	2,-1,720	14	1000	1	80,109	-1
885	6,98,60	2,-1,720	14	1000	1	80,109	-1
886	6,99,60	2,-1,780	14	1000	1	85,109	-1
887	6,100,60	2,-1,780	14	1000	1	85,109	-1
888	6,101,60	2,-1,780	14	1000	1	85,109	-1
889	6,102,60	2,-1,840	14	1000	1	90,109	-1
890	6,103,60	2,-1,840	14	1000	1	90,109	-1
891	6,104,60	2,-1,840	14	1000	1	90,109	-1
892	6,84,100	2,-1,800	14	1000	1	45,69	-1
893	6,85,100	2,-1,800	14	1000	1	45,69	-1
894	6,86,100	2,-1,800	14	1000	1	45,69	-1
895	6,87,100	2,-1,900	14	1000	1	55,79	-1
896	6,88,100	2,-1,900	14	1000	1	55,79	-1
897	6,89,100	2,-1,900	14	1000	1	55,79	-1
898	6,90,100	2,-1,1000	14	1000	1	65,89	-1
899	6,91,100	2,-1,1000	14	1000	1	65,89	-1
900	6,92,100	2,-1,1000	14	1000	1	65,89	-1
901	6,93,100	2,-1,1100	14	1000	1	75,99	-1
902	6,94,100	2,-1,1100	14	1000	1	75,99	-1
903	6,95,100	2,-1,1100	14	1000	1	75,99	-1
904	6,96,100	2,-1,1200	14	1000	1	80,109	-1
905	6,97,100	2,-1,1200	14	1000	1	80,109	-1
906	6,98,100	2,-1,1200	14	1000	1	80,109	-1
907	6,99,100	2,-1,1300	14	1000	1	85,109	-1
908	6,100,100	2,-1,1300	14	1000	1	85,109	-1
909	6,101,100	2,-1,1300	14	1000	1	85,109	-1
910	6,102,100	2,-1,1400	14	1000	1	90,109	-1
911	6,103,100	2,-1,1400	14	1000	1	90,109	-1
912	6,104,100	2,-1,1400	14	1000	1	90,109	-1
913	6,69,30	2,-1,150	15	1000	1	1,24	-1
914	6,70,30	2,-1,150	15	1000	1	1,24	-1
915	6,71,30	2,-1,150	15	1000	1	1,24	-1
916	6,72,30	2,-1,150	15	1000	1	16,34	-1
917	6,73,30	2,-1,150	15	1000	1	16,34	-1
918	6,74,30	2,-1,150	15	1000	1	16,34	-1
919	6,75,30	2,-1,180	15	1000	1	20,44	-1
920	6,76,30	2,-1,180	15	1000	1	20,44	-1
921	6,77,30	2,-1,180	15	1000	1	20,44	-1
922	6,78,30	2,-1,180	15	1000	1	22,49	-1
923	6,79,30	2,-1,180	15	1000	1	22,49	-1
924	6,80,30	2,-1,180	15	1000	1	22,49	-1
925	6,81,30	2,-1,210	15	1000	1	35,54	-1
926	6,82,30	2,-1,210	15	1000	1	35,54	-1
927	6,83,30	2,-1,210	15	1000	1	35,54	-1
928	6,84,30	2,-1,240	15	1000	1	45,69	-1
929	6,85,30	2,-1,240	15	1000	1	45,69	-1
930	6,86,30	2,-1,240	15	1000	1	45,69	-1
931	6,87,30	2,-1,270	15	1000	1	55,79	-1
932	6,88,30	2,-1,270	15	1000	1	55,79	-1
933	6,89,30	2,-1,270	15	1000	1	55,79	-1
934	6,90,30	2,-1,300	15	1000	1	65,89	-1
935	6,91,30	2,-1,300	15	1000	1	65,89	-1
936	6,92,30	2,-1,300	15	1000	1	65,89	-1
937	6,93,30	2,-1,330	15	1000	1	75,99	-1
938	6,94,30	2,-1,330	15	1000	1	75,99	-1
939	6,95,30	2,-1,330	15	1000	1	75,99	-1
940	6,96,30	2,-1,360	15	1000	1	80,109	-1
941	6,97,30	2,-1,360	15	1000	1	80,109	-1
942	6,98,30	2,-1,360	15	1000	1	80,109	-1
943	6,99,30	2,-1,390	15	1000	1	85,109	-1
944	6,100,30	2,-1,390	15	1000	1	85,109	-1
945	6,101,30	2,-1,390	15	1000	1	85,109	-1
946	6,102,30	2,-1,420	15	1000	1	90,109	-1
947	6,103,30	2,-1,420	15	1000	1	90,109	-1
948	6,104,30	2,-1,420	15	1000	1	90,109	-1
949	6,69,60	2,-1,300	15	1000	1	1,24	-1
950	6,70,60	2,-1,300	15	1000	1	1,24	-1
951	6,71,60	2,-1,300	15	1000	1	1,24	-1
952	6,72,60	2,-1,300	15	1000	1	16,34	-1
953	6,73,60	2,-1,300	15	1000	1	16,34	-1
954	6,74,60	2,-1,300	15	1000	1	16,34	-1
955	6,75,60	2,-1,360	15	1000	1	20,44	-1
956	6,76,60	2,-1,360	15	1000	1	20,44	-1
957	6,77,60	2,-1,360	15	1000	1	20,44	-1
958	6,78,60	2,-1,360	15	1000	1	22,49	-1
959	6,79,60	2,-1,360	15	1000	1	22,49	-1
960	6,80,60	2,-1,360	15	1000	1	22,49	-1
961	6,81,60	2,-1,420	15	1000	1	35,54	-1
962	6,82,60	2,-1,420	15	1000	1	35,54	-1
963	6,83,60	2,-1,420	15	1000	1	35,54	-1
964	6,84,60	2,-1,480	15	1000	1	45,69	-1
965	6,85,60	2,-1,480	15	1000	1	45,69	-1
966	6,86,60	2,-1,480	15	1000	1	45,69	-1
967	6,87,60	2,-1,540	15	1000	1	55,79	-1
968	6,88,60	2,-1,540	15	1000	1	55,79	-1
969	6,89,60	2,-1,540	15	1000	1	55,79	-1
970	6,90,60	2,-1,600	15	1000	1	65,89	-1
971	6,91,60	2,-1,600	15	1000	1	65,89	-1
972	6,92,60	2,-1,600	15	1000	1	65,89	-1
973	6,93,60	2,-1,660	15	1000	1	75,99	-1
974	6,94,60	2,-1,660	15	1000	1	75,99	-1
975	6,95,60	2,-1,660	15	1000	1	75,99	-1
976	6,96,60	2,-1,720	15	1000	1	80,109	-1
977	6,97,60	2,-1,720	15	1000	1	80,109	-1
978	6,98,60	2,-1,720	15	1000	1	80,109	-1
979	6,99,60	2,-1,780	15	1000	1	85,109	-1
980	6,100,60	2,-1,780	15	1000	1	85,109	-1
981	6,101,60	2,-1,780	15	1000	1	85,109	-1
982	6,102,60	2,-1,840	15	1000	1	90,109	-1
983	6,103,60	2,-1,840	15	1000	1	90,109	-1
984	6,104,60	2,-1,840	15	1000	1	90,109	-1
985	6,84,100	2,-1,800	15	1000	1	45,69	-1
986	6,85,100	2,-1,800	15	1000	1	45,69	-1
987	6,86,100	2,-1,800	15	1000	1	45,69	-1
988	6,87,100	2,-1,900	15	1000	1	55,79	-1
989	6,88,100	2,-1,900	15	1000	1	55,79	-1
990	6,89,100	2,-1,900	15	1000	1	55,79	-1
991	6,90,100	2,-1,1000	15	1000	1	65,89	-1
992	6,91,100	2,-1,1000	15	1000	1	65,89	-1
993	6,92,100	2,-1,1000	15	1000	1	65,89	-1
994	6,93,100	2,-1,1100	15	1000	1	75,99	-1
995	6,94,100	2,-1,1100	15	1000	1	75,99	-1
996	6,95,100	2,-1,1100	15	1000	1	75,99	-1
997	6,96,100	2,-1,1200	15	1000	1	80,109	-1
998	6,97,100	2,-1,1200	15	1000	1	80,109	-1
999	6,98,100	2,-1,1200	15	1000	1	80,109	-1
1000	6,99,100	2,-1,1300	15	1000	1	85,109	-1
1001	6,100,100	2,-1,1300	15	1000	1	85,109	-1
1002	6,101,100	2,-1,1300	15	1000	1	85,109	-1
1003	6,102,100	2,-1,1400	15	1000	1	90,109	-1
1004	6,103,100	2,-1,1400	15	1000	1	90,109	-1
1005	6,104,100	2,-1,1400	15	1000	1	90,109	-1
1006	6,69,30	2,-1,150	16	1000	1	1,24	-1
1007	6,70,30	2,-1,150	16	1000	1	1,24	-1
1008	6,71,30	2,-1,150	16	1000	1	1,24	-1
1009	6,72,30	2,-1,150	16	1000	1	16,34	-1
1010	6,73,30	2,-1,150	16	1000	1	16,34	-1
1011	6,74,30	2,-1,150	16	1000	1	16,34	-1
1012	6,75,30	2,-1,180	16	1000	1	20,44	-1
1013	6,76,30	2,-1,180	16	1000	1	20,44	-1
1014	6,77,30	2,-1,180	16	1000	1	20,44	-1
1015	6,78,30	2,-1,180	16	1000	1	22,49	-1
1016	6,79,30	2,-1,180	16	1000	1	22,49	-1
1017	6,80,30	2,-1,180	16	1000	1	22,49	-1
1018	6,81,30	2,-1,210	16	1000	1	35,54	-1
1019	6,82,30	2,-1,210	16	1000	1	35,54	-1
1020	6,83,30	2,-1,210	16	1000	1	35,54	-1
1021	6,84,30	2,-1,240	16	1000	1	45,69	-1
1022	6,85,30	2,-1,240	16	1000	1	45,69	-1
1023	6,86,30	2,-1,240	16	1000	1	45,69	-1
1024	6,87,30	2,-1,270	16	1000	1	55,79	-1
1025	6,88,30	2,-1,270	16	1000	1	55,79	-1
1026	6,89,30	2,-1,270	16	1000	1	55,79	-1
1027	6,90,30	2,-1,300	16	1000	1	65,89	-1
1028	6,91,30	2,-1,300	16	1000	1	65,89	-1
1029	6,92,30	2,-1,300	16	1000	1	65,89	-1
1030	6,93,30	2,-1,330	16	1000	1	75,99	-1
1031	6,94,30	2,-1,330	16	1000	1	75,99	-1
1032	6,95,30	2,-1,330	16	1000	1	75,99	-1
1033	6,96,30	2,-1,360	16	1000	1	80,109	-1
1034	6,97,30	2,-1,360	16	1000	1	80,109	-1
1035	6,98,30	2,-1,360	16	1000	1	80,109	-1
1036	6,99,30	2,-1,390	16	1000	1	85,109	-1
1037	6,100,30	2,-1,390	16	1000	1	85,109	-1
1038	6,101,30	2,-1,390	16	1000	1	85,109	-1
1039	6,102,30	2,-1,420	16	1000	1	90,109	-1
1040	6,103,30	2,-1,420	16	1000	1	90,109	-1
1041	6,104,30	2,-1,420	16	1000	1	90,109	-1
1042	6,69,60	2,-1,300	16	1000	1	1,24	-1
1043	6,70,60	2,-1,300	16	1000	1	1,24	-1
1044	6,71,60	2,-1,300	16	1000	1	1,24	-1
1045	6,72,60	2,-1,300	16	1000	1	16,34	-1
1046	6,73,60	2,-1,300	16	1000	1	16,34	-1
1047	6,74,60	2,-1,300	16	1000	1	16,34	-1
1048	6,75,60	2,-1,360	16	1000	1	20,44	-1
1049	6,76,60	2,-1,360	16	1000	1	20,44	-1
1050	6,77,60	2,-1,360	16	1000	1	20,44	-1
1051	6,78,60	2,-1,360	16	1000	1	22,49	-1
1052	6,79,60	2,-1,360	16	1000	1	22,49	-1
1053	6,80,60	2,-1,360	16	1000	1	22,49	-1
1054	6,81,60	2,-1,420	16	1000	1	35,54	-1
1055	6,82,60	2,-1,420	16	1000	1	35,54	-1
1056	6,83,60	2,-1,420	16	1000	1	35,54	-1
1057	6,84,60	2,-1,480	16	1000	1	45,69	-1
1058	6,85,60	2,-1,480	16	1000	1	45,69	-1
1059	6,86,60	2,-1,480	16	1000	1	45,69	-1
1060	6,87,60	2,-1,540	16	1000	1	55,79	-1
1061	6,88,60	2,-1,540	16	1000	1	55,79	-1
1062	6,89,60	2,-1,540	16	1000	1	55,79	-1
1063	6,90,60	2,-1,600	16	1000	1	65,89	-1
1064	6,91,60	2,-1,600	16	1000	1	65,89	-1
1065	6,92,60	2,-1,600	16	1000	1	65,89	-1
1066	6,93,60	2,-1,660	16	1000	1	75,99	-1
1067	6,94,60	2,-1,660	16	1000	1	75,99	-1
1068	6,95,60	2,-1,660	16	1000	1	75,99	-1
1069	6,96,60	2,-1,720	16	1000	1	80,109	-1
1070	6,97,60	2,-1,720	16	1000	1	80,109	-1
1071	6,98,60	2,-1,720	16	1000	1	80,109	-1
1072	6,99,60	2,-1,780	16	1000	1	85,109	-1
1073	6,100,60	2,-1,780	16	1000	1	85,109	-1
1074	6,101,60	2,-1,780	16	1000	1	85,109	-1
1075	6,102,60	2,-1,840	16	1000	1	90,109	-1
1076	6,103,60	2,-1,840	16	1000	1	90,109	-1
1077	6,104,60	2,-1,840	16	1000	1	90,109	-1
1078	6,84,100	2,-1,800	16	1000	1	45,69	-1
1079	6,85,100	2,-1,800	16	1000	1	45,69	-1
1080	6,86,100	2,-1,800	16	1000	1	45,69	-1
1081	6,87,100	2,-1,900	16	1000	1	55,79	-1
1082	6,88,100	2,-1,900	16	1000	1	55,79	-1
1083	6,89,100	2,-1,900	16	1000	1	55,79	-1
1084	6,90,100	2,-1,1000	16	1000	1	65,89	-1
1085	6,91,100	2,-1,1000	16	1000	1	65,89	-1
1086	6,92,100	2,-1,1000	16	1000	1	65,89	-1
1087	6,93,100	2,-1,1100	16	1000	1	75,99	-1
1088	6,94,100	2,-1,1100	16	1000	1	75,99	-1
1089	6,95,100	2,-1,1100	16	1000	1	75,99	-1
1090	6,96,100	2,-1,1200	16	1000	1	80,109	-1
1091	6,97,100	2,-1,1200	16	1000	1	80,109	-1
1092	6,98,100	2,-1,1200	16	1000	1	80,109	-1
1093	6,99,100	2,-1,1300	16	1000	1	85,109	-1
1094	6,100,100	2,-1,1300	16	1000	1	85,109	-1
1095	6,101,100	2,-1,1300	16	1000	1	85,109	-1
1096	6,102,100	2,-1,1400	16	1000	1	90,109	-1
1097	6,103,100	2,-1,1400	16	1000	1	90,109	-1
1098	6,104,100	2,-1,1400	16	1000	1	90,109	-1
