1	1	1	1,-1,5000|34,-1,2	0,160|1,20	1|2	提升所有上阵数码兽的生命值、攻击力|前排生命值增加160|后排攻击力增加20
2	1	2	1,-1,10000|34,-1,2	0,320|1,40	1|2	提升所有上阵数码兽的生命值、攻击力|前排生命值增加320|后排攻击力增加40
3	1	3	1,-1,20000|34,-1,2	0,480|1,60	1|2	提升所有上阵数码兽的生命值、攻击力|前排生命值增加480|后排攻击力增加60
4	1	4	1,-1,30000|34,-1,3	0,640|1,80	1|2	提升所有上阵数码兽的生命值、攻击力|前排生命值增加640|后排攻击力增加80
5	1	5	1,-1,30000|34,-1,3	0,800|1,100	1|2	提升所有上阵数码兽的生命值、攻击力|前排生命值增加800|后排攻击力增加100
6	1	6	1,-1,40000|34,-1,4	0,960|1,120	1|2	提升所有上阵数码兽的生命值、攻击力|前排生命值增加960|后排攻击力增加120
7	1	7	1,-1,40000|34,-1,4	0,1120|1,140	1|2	提升所有上阵数码兽的生命值、攻击力|前排生命值增加1120|后排攻击力增加140
8	1	8	1,-1,60000|34,-1,5	0,1280|1,160	1|2	提升所有上阵数码兽的生命值、攻击力|前排生命值增加1280|后排攻击力增加160
9	1	9	1,-1,80000|34,-1,5	0,1440|1,180	1|2	提升所有上阵数码兽的生命值、攻击力|前排生命值增加1440|后排攻击力增加180
10	1	10	1,-1,100000|34,-1,6	0,1600|1,200	1|2	提升所有上阵数码兽的生命值、攻击力|前排生命值增加1600|后排攻击力增加200
11	2	1	1,-1,5000|34,-1,2	0,320	1	提升前排数码兽的生命值|前排生命值增加320
12	2	2	1,-1,10000|34,-1,2	0,640	1	提升前排数码兽的生命值|前排生命值增加640
13	2	3	1,-1,20000|34,-1,2	0,960	1	提升前排数码兽的生命值|前排生命值增加960
14	2	4	1,-1,30000|34,-1,3	0,1280	1	提升前排数码兽的生命值|前排生命值增加1280
15	2	5	1,-1,30000|34,-1,3	0,1600	1	提升前排数码兽的生命值|前排生命值增加1600
16	2	6	1,-1,40000|34,-1,4	0,1920	1	提升前排数码兽的生命值|前排生命值增加1920
17	2	7	1,-1,40000|34,-1,4	0,2240	1	提升前排数码兽的生命值|前排生命值增加2240
18	2	8	1,-1,60000|34,-1,5	0,2560	1	提升前排数码兽的生命值|前排生命值增加2560
19	2	9	1,-1,80000|34,-1,5	0,2880	1	提升前排数码兽的生命值|前排生命值增加2880
20	2	10	1,-1,100000|34,-1,6	0,3200	1	提升前排数码兽的生命值|前排生命值增加3200
21	3	1	1,-1,5000|34,-1,2	4,2	1	以百分比形式提升前排数码兽的生命值|前排生命值增加2%
22	3	2	1,-1,10000|34,-1,2	4,4	1	以百分比形式提升前排数码兽的生命值|前排生命值增加4%
23	3	3	1,-1,20000|34,-1,2	4,6	1	以百分比形式提升前排数码兽的生命值|前排生命值增加6%
24	3	4	1,-1,30000|34,-1,3	4,8	1	以百分比形式提升前排数码兽的生命值|前排生命值增加8%
25	3	5	1,-1,30000|34,-1,3	4,10	1	以百分比形式提升前排数码兽的生命值|前排生命值增加10%
26	3	6	1,-1,40000|34,-1,4	4,12	1	以百分比形式提升前排数码兽的生命值|前排生命值增加12%
27	3	7	1,-1,40000|34,-1,4	4,14	1	以百分比形式提升前排数码兽的生命值|前排生命值增加14%
28	3	8	1,-1,60000|34,-1,5	4,16	1	以百分比形式提升前排数码兽的生命值|前排生命值增加16%
29	3	9	1,-1,80000|34,-1,5	4,18	1	以百分比形式提升前排数码兽的生命值|前排生命值增加18%
30	3	10	1,-1,100000|34,-1,6	4,20	1	以百分比形式提升前排数码兽的生命值|前排生命值增加20%
31	4	1	1,-1,5000|34,-1,2	34,1	1	提升前排数码兽的伤害减免百分比|前排伤害减免率增加1%
32	4	2	1,-1,10000|34,-1,2	34,2	1	提升前排数码兽的伤害减免百分比|前排伤害减免率增加2%
33	4	3	1,-1,20000|34,-1,2	34,3	1	提升前排数码兽的伤害减免百分比|前排伤害减免率增加3%
34	4	4	1,-1,30000|34,-1,3	34,4	1	提升前排数码兽的伤害减免百分比|前排伤害减免率增加4%
35	4	5	1,-1,30000|34,-1,3	34,5	1	提升前排数码兽的伤害减免百分比|前排伤害减免率增加5%
36	4	6	1,-1,40000|34,-1,4	34,6	1	提升前排数码兽的伤害减免百分比|前排伤害减免率增加6%
37	4	7	1,-1,40000|34,-1,4	34,7	1	提升前排数码兽的伤害减免百分比|前排伤害减免率增加7%
38	4	8	1,-1,60000|34,-1,5	34,8	1	提升前排数码兽的伤害减免百分比|前排伤害减免率增加8%
39	4	9	1,-1,80000|34,-1,5	34,9	1	提升前排数码兽的伤害减免百分比|前排伤害减免率增加9%
40	4	10	1,-1,100000|34,-1,6	34,10	1	提升前排数码兽的伤害减免百分比|前排伤害减免率增加10%
41	5	1	1,-1,5000|34,-1,2	1,40	2	提升后排数码兽的攻击力|后排攻击力增加40
42	5	2	1,-1,10000|34,-1,2	1,80	2	提升后排数码兽的攻击力|后排攻击力增加80
43	5	3	1,-1,20000|34,-1,2	1,120	2	提升后排数码兽的攻击力|后排攻击力增加120
44	5	4	1,-1,30000|34,-1,3	1,160	2	提升后排数码兽的攻击力|后排攻击力增加160
45	5	5	1,-1,30000|34,-1,3	1,200	2	提升后排数码兽的攻击力|后排攻击力增加200
46	5	6	1,-1,40000|34,-1,4	1,240	2	提升后排数码兽的攻击力|后排攻击力增加240
47	5	7	1,-1,40000|34,-1,4	1,280	2	提升后排数码兽的攻击力|后排攻击力增加280
48	5	8	1,-1,60000|34,-1,5	1,320	2	提升后排数码兽的攻击力|后排攻击力增加320
49	5	9	1,-1,80000|34,-1,5	1,360	2	提升后排数码兽的攻击力|后排攻击力增加360
50	5	10	1,-1,100000|34,-1,6	1,400	2	提升后排数码兽的攻击力|后排攻击力增加400
51	6	1	1,-1,5000|34,-1,2	5,2	2	以百分比形式提升后排数码兽的攻击力|后排攻击力增加2%
52	6	2	1,-1,10000|34,-1,2	5,4	2	以百分比形式提升后排数码兽的攻击力|后排攻击力增加4%
53	6	3	1,-1,20000|34,-1,2	5,6	2	以百分比形式提升后排数码兽的攻击力|后排攻击力增加6%
54	6	4	1,-1,30000|34,-1,3	5,8	2	以百分比形式提升后排数码兽的攻击力|后排攻击力增加8%
55	6	5	1,-1,30000|34,-1,3	5,10	2	以百分比形式提升后排数码兽的攻击力|后排攻击力增加10%
56	6	6	1,-1,40000|34,-1,4	5,12	2	以百分比形式提升后排数码兽的攻击力|后排攻击力增加12%
57	6	7	1,-1,40000|34,-1,4	5,14	2	以百分比形式提升后排数码兽的攻击力|后排攻击力增加14%
58	6	8	1,-1,60000|34,-1,5	5,16	2	以百分比形式提升后排数码兽的攻击力|后排攻击力增加16%
59	6	9	1,-1,80000|34,-1,5	5,18	2	以百分比形式提升后排数码兽的攻击力|后排攻击力增加18%
60	6	10	1,-1,100000|34,-1,6	5,20	2	以百分比形式提升后排数码兽的攻击力|后排攻击力增加20%
61	7	1	1,-1,5000|34,-1,2	33,1	2	提升后排数码兽的伤害加成百分比|后排伤害加成率增加1%
62	7	2	1,-1,10000|34,-1,2	33,2	2	提升后排数码兽的伤害加成百分比|后排伤害加成率增加2%
63	7	3	1,-1,20000|34,-1,2	33,3	2	提升后排数码兽的伤害加成百分比|后排伤害加成率增加3%
64	7	4	1,-1,30000|34,-1,3	33,4	2	提升后排数码兽的伤害加成百分比|后排伤害加成率增加4%
65	7	5	1,-1,30000|34,-1,3	33,5	2	提升后排数码兽的伤害加成百分比|后排伤害加成率增加5%
66	7	6	1,-1,40000|34,-1,4	33,6	2	提升后排数码兽的伤害加成百分比|后排伤害加成率增加6%
67	7	7	1,-1,40000|34,-1,4	33,7	2	提升后排数码兽的伤害加成百分比|后排伤害加成率增加7%
68	7	8	1,-1,60000|34,-1,5	33,8	2	提升后排数码兽的伤害加成百分比|后排伤害加成率增加8%
69	7	9	1,-1,80000|34,-1,5	33,9	2	提升后排数码兽的伤害加成百分比|后排伤害加成率增加9%
70	7	10	1,-1,100000|34,-1,6	33,10	2	提升后排数码兽的伤害加成百分比|后排伤害加成率增加10%
71	8	1	1,-1,20000|34,-1,2	0,160|1,20	0|0	提升所有数码兽的生命力、攻击力|所有数码兽生命值增加160|所有数码兽攻击力增加20
72	8	2	1,-1,20000|34,-1,2	0,320|1,40	0|0	提升所有数码兽的生命力、攻击力|所有数码兽生命值增加320|所有数码兽攻击力增加40
73	8	3	1,-1,30000|34,-1,2	0,480|1,60	0|0	提升所有数码兽的生命力、攻击力|所有数码兽生命值增加480|所有数码兽攻击力增加60
74	8	4	1,-1,40000|34,-1,3	0,640|1,80	0|0	提升所有数码兽的生命力、攻击力|所有数码兽生命值增加640|所有数码兽攻击力增加80
75	8	5	1,-1,50000|34,-1,3	0,800|1,100	0|0	提升所有数码兽的生命力、攻击力|所有数码兽生命值增加800|所有数码兽攻击力增加100
76	8	6	1,-1,60000|34,-1,4	0,960|1,120	0|0	提升所有数码兽的生命力、攻击力|所有数码兽生命值增加960|所有数码兽攻击力增加120
77	8	7	1,-1,80000|34,-1,4	0,1120|1,140	0|0	提升所有数码兽的生命力、攻击力|所有数码兽生命值增加1120|所有数码兽攻击力增加140
78	8	8	1,-1,100000|34,-1,5	0,1280|1,160	0|0	提升所有数码兽的生命力、攻击力|所有数码兽生命值增加1280|所有数码兽攻击力增加160
79	8	9	1,-1,120000|34,-1,5	0,1440|1,180	0|0	提升所有数码兽的生命力、攻击力|所有数码兽生命值增加1440|所有数码兽攻击力增加180
80	8	10	1,-1,150000|34,-1,6	0,1600|1,200	0|0	提升所有数码兽的生命力、攻击力|所有数码兽生命值增加1600|所有数码兽攻击力增加200
81	9	1	1,-1,20000|34,-1,2	1,50	3	提升攻型数码兽的攻击力|攻击力增加50
82	9	2	1,-1,20000|34,-1,2	1,100	3	提升攻型数码兽的攻击力|攻击力增加100
83	9	3	1,-1,30000|34,-1,2	1,150	3	提升攻型数码兽的攻击力|攻击力增加150
84	9	4	1,-1,40000|34,-1,3	1,200	3	提升攻型数码兽的攻击力|攻击力增加200
85	9	5	1,-1,50000|34,-1,3	1,250	3	提升攻型数码兽的攻击力|攻击力增加250
86	9	6	1,-1,60000|34,-1,4	1,300	3	提升攻型数码兽的攻击力|攻击力增加300
87	9	7	1,-1,80000|34,-1,4	1,350	3	提升攻型数码兽的攻击力|攻击力增加350
88	9	8	1,-1,100000|34,-1,5	1,400	3	提升攻型数码兽的攻击力|攻击力增加400
89	9	9	1,-1,120000|34,-1,5	1,450	3	提升攻型数码兽的攻击力|攻击力增加450
90	9	10	1,-1,15000|34,-1,6	1,500	3	提升攻型数码兽的攻击力|攻击力增加500
91	10	1	1,-1,20000|34,-1,3	71,0.01	3	攻型数码兽受技型数码兽的伤害减免|伤害减少1%
92	10	2	1,-1,20000|34,-1,3	71,0.02	3	攻型数码兽受技型数码兽的伤害减免|伤害减少2%
93	10	3	1,-1,30000|34,-1,3	71,0.03	3	攻型数码兽受技型数码兽的伤害减免|伤害减少3%
94	10	4	1,-1,40000|34,-1,4	71,0.04	3	攻型数码兽受技型数码兽的伤害减免|伤害减少4%
95	10	5	1,-1,50000|34,-1,4	71,0.05	3	攻型数码兽受技型数码兽的伤害减免|伤害减少5%
96	10	6	1,-1,60000|34,-1,5	71,0.06	3	攻型数码兽受技型数码兽的伤害减免|伤害减少6%
97	10	7	1,-1,80000|34,-1,5	71,0.07	3	攻型数码兽受技型数码兽的伤害减免|伤害减少7%
98	10	8	1,-1,100000|34,-1,6	71,0.08	3	攻型数码兽受技型数码兽的伤害减免|伤害减少8%
99	10	9	1,-1,120000|34,-1,6	71,0.09	3	攻型数码兽受技型数码兽的伤害减免|伤害减少9%
100	10	10	1,-1,150000|34,-1,7	71,0.1	3	攻型数码兽受技型数码兽的伤害减免|伤害减少10%
101	11	1	1,-1,20000|34,-1,4	70,0.01	3	攻型数码兽对技型数码兽的伤害加成|伤害增加1%
102	11	2	1,-1,20000|34,-1,4	70,0.02	3	攻型数码兽对技型数码兽的伤害加成|伤害增加2%
103	11	3	1,-1,30000|34,-1,4	70,0.03	3	攻型数码兽对技型数码兽的伤害加成|伤害增加3%
104	11	4	1,-1,40000|34,-1,5	70,0.04	3	攻型数码兽对技型数码兽的伤害加成|伤害增加4%
105	11	5	1,-1,50000|34,-1,5	70,0.05	3	攻型数码兽对技型数码兽的伤害加成|伤害增加5%
106	11	6	1,-1,60000|34,-1,6	70,0.06	3	攻型数码兽对技型数码兽的伤害加成|伤害增加6%
107	11	7	1,-1,80000|34,-1,6	70,0.07	3	攻型数码兽对技型数码兽的伤害加成|伤害增加7%
108	11	8	1,-1,100000|34,-1,7	70,0.08	3	攻型数码兽对技型数码兽的伤害加成|伤害增加8%
109	11	9	1,-1,120000|34,-1,7	70,0.09	3	攻型数码兽对技型数码兽的伤害加成|伤害增加9%
110	11	10	1,-1,150000|34,-1,8	70,0.1	3	攻型数码兽对技型数码兽的伤害加成|伤害增加10%
111	12	1	1,-1,20000|34,-1,2	0,200|1,30	4|4	提升技型数码兽的生命值、攻击力|生命值增加200|攻击力增加30
112	12	2	1,-1,20000|34,-1,2	0,400|1,60	4|4	提升技型数码兽的生命值、攻击力|生命值增加400|攻击力增加60
113	12	3	1,-1,30000|34,-1,2	0,600|1,90	4|4	提升技型数码兽的生命值、攻击力|生命值增加600|攻击力增加90
114	12	4	1,-1,40000|34,-1,3	0,800|1,120	4|4	提升技型数码兽的生命值、攻击力|生命值增加800|攻击力增加120
115	12	5	1,-1,50000|34,-1,3	0,1000|1,150	4|4	提升技型数码兽的生命值、攻击力|生命值增加1000|攻击力增加150
116	12	6	1,-1,60000|34,-1,4	0,1200|1,180	4|4	提升技型数码兽的生命值、攻击力|生命值增加1200|攻击力增加180
117	12	7	1,-1,80000|34,-1,4	0,1400|1,210	4|4	提升技型数码兽的生命值、攻击力|生命值增加1400|攻击力增加210
118	12	8	1,-1,100000|34,-1,5	0,1600|1,240	4|4	提升技型数码兽的生命值、攻击力|生命值增加1600|攻击力增加240
119	12	9	1,-1,120000|34,-1,5	0,1800|1,270	4|4	提升技型数码兽的生命值、攻击力|生命值增加1800|攻击力增加270
120	12	10	1,-1,150000|34,-1,6	0,2000|1,300	4|4	提升技型数码兽的生命值、攻击力|生命值增加2000|攻击力增加300
121	13	1	1,-1,20000|34,-1,3	71,0.01	4	技型数码兽受防型数码兽的伤害减免|伤害减少1%
122	13	2	1,-1,20000|34,-1,3	71,0.02	4	技型数码兽受防型数码兽的伤害减免|伤害减少2%
123	13	3	1,-1,30000|34,-1,3	71,0.03	4	技型数码兽受防型数码兽的伤害减免|伤害减少3%
124	13	4	1,-1,40000|34,-1,4	71,0.04	4	技型数码兽受防型数码兽的伤害减免|伤害减少4%
125	13	5	1,-1,50000|34,-1,4	71,0.05	4	技型数码兽受防型数码兽的伤害减免|伤害减少5%
126	13	6	1,-1,60000|34,-1,5	71,0.06	4	技型数码兽受防型数码兽的伤害减免|伤害减少6%
127	13	7	1,-1,80000|34,-1,5	71,0.07	4	技型数码兽受防型数码兽的伤害减免|伤害减少7%
128	13	8	1,-1,100000|34,-1,6	71,0.08	4	技型数码兽受防型数码兽的伤害减免|伤害减少8%
129	13	9	1,-1,120000|34,-1,6	71,0.09	4	技型数码兽受防型数码兽的伤害减免|伤害减少9%
130	13	10	1,-1,150000|34,-1,7	71,0.1	4	技型数码兽受防型数码兽的伤害减免|伤害减少10%
131	14	1	1,-1,20000|34,-1,4	70,0.01	4	技型数码兽对防型数码兽的伤害加成|伤害增加1%
132	14	2	1,-1,20000|34,-1,4	70,0.02	4	技型数码兽对防型数码兽的伤害加成|伤害增加2%
133	14	3	1,-1,30000|34,-1,4	70,0.03	4	技型数码兽对防型数码兽的伤害加成|伤害增加3%
134	14	4	1,-1,40000|34,-1,5	70,0.04	4	技型数码兽对防型数码兽的伤害加成|伤害增加4%
135	14	5	1,-1,50000|34,-1,5	70,0.05	4	技型数码兽对防型数码兽的伤害加成|伤害增加5%
136	14	6	1,-1,60000|34,-1,6	70,0.06	4	技型数码兽对防型数码兽的伤害加成|伤害增加6%
137	14	7	1,-1,80000|34,-1,6	70,0.07	4	技型数码兽对防型数码兽的伤害加成|伤害增加7%
138	14	8	1,-1,100000|34,-1,7	70,0.08	4	技型数码兽对防型数码兽的伤害加成|伤害增加8%
139	14	9	1,-1,120000|34,-1,7	70,0.09	4	技型数码兽对防型数码兽的伤害加成|伤害增加9%
140	14	10	1,-1,150000|34,-1,8	70,0.1	4	技型数码兽对防型数码兽的伤害加成|伤害增加10%
141	15	1	1,-1,20000|34,-1,2	0,400	5	提升防型数码兽的生命值|生命值增加400
142	15	2	1,-1,20000|34,-1,2	0,800	5	提升防型数码兽的生命值|生命值增加800
143	15	3	1,-1,30000|34,-1,2	0,1200	5	提升防型数码兽的生命值|生命值增加1200
144	15	4	1,-1,40000|34,-1,3	0,1600	5	提升防型数码兽的生命值|生命值增加1600
145	15	5	1,-1,50000|34,-1,3	0,2000	5	提升防型数码兽的生命值|生命值增加2000
146	15	6	1,-1,60000|34,-1,4	0,2400	5	提升防型数码兽的生命值|生命值增加2400
147	15	7	1,-1,80000|34,-1,4	0,2800	5	提升防型数码兽的生命值|生命值增加2800
148	15	8	1,-1,100000|34,-1,5	0,3200	5	提升防型数码兽的生命值|生命值增加3200
149	15	9	1,-1,120000|34,-1,5	0,3600	5	提升防型数码兽的生命值|生命值增加3600
150	15	10	1,-1,150000|34,-1,6	0,4000	5	提升防型数码兽的生命值|生命值增加4000
151	16	1	1,-1,20000|34,-1,3	71,0.01	5	防型数码兽受攻型数码兽的伤害减免|伤害减少1%
152	16	2	1,-1,20000|34,-1,3	71,0.02	5	防型数码兽受攻型数码兽的伤害减免|伤害减少2%
153	16	3	1,-1,30000|34,-1,3	71,0.03	5	防型数码兽受攻型数码兽的伤害减免|伤害减少3%
154	16	4	1,-1,40000|34,-1,4	71,0.04	5	防型数码兽受攻型数码兽的伤害减免|伤害减少4%
155	16	5	1,-1,50000|34,-1,4	71,0.05	5	防型数码兽受攻型数码兽的伤害减免|伤害减少5%
156	16	6	1,-1,60000|34,-1,5	71,0.06	5	防型数码兽受攻型数码兽的伤害减免|伤害减少6%
157	16	7	1,-1,80000|34,-1,5	71,0.07	5	防型数码兽受攻型数码兽的伤害减免|伤害减少7%
158	16	8	1,-1,100000|34,-1,6	71,0.08	5	防型数码兽受攻型数码兽的伤害减免|伤害减少8%
159	16	9	1,-1,120000|34,-1,6	71,0.09	5	防型数码兽受攻型数码兽的伤害减免|伤害减少9%
160	16	10	1,-1,150000|34,-1,7	71,0.1	5	防型数码兽受攻型数码兽的伤害减免|伤害减少10%
161	17	1	1,-1,20000|34,-1,4	70,0.01	5	防型数码兽对攻型数码兽的伤害加成|伤害增加1%
162	17	2	1,-1,20000|34,-1,4	70,0.02	5	防型数码兽对攻型数码兽的伤害加成|伤害增加2%
163	17	3	1,-1,30000|34,-1,4	70,0.03	5	防型数码兽对攻型数码兽的伤害加成|伤害增加3%
164	17	4	1,-1,40000|34,-1,5	70,0.04	5	防型数码兽对攻型数码兽的伤害加成|伤害增加4%
165	17	5	1,-1,50000|34,-1,5	70,0.05	5	防型数码兽对攻型数码兽的伤害加成|伤害增加5%
166	17	6	1,-1,60000|34,-1,6	70,0.06	5	防型数码兽对攻型数码兽的伤害加成|伤害增加6%
167	17	7	1,-1,80000|34,-1,6	70,0.07	5	防型数码兽对攻型数码兽的伤害加成|伤害增加7%
168	17	8	1,-1,100000|34,-1,7	70,0.08	5	防型数码兽对攻型数码兽的伤害加成|伤害增加8%
169	17	9	1,-1,120000|34,-1,7	70,0.09	5	防型数码兽对攻型数码兽的伤害加成|伤害增加9%
170	17	10	1,-1,150000|34,-1,8	70,0.1	5	防型数码兽对攻型数码兽的伤害加成|伤害增加10%
171	18	1	1,-1,30000|34,-1,3	0,320|1,40	1|2	提升所有上阵数码兽的生命值、攻击力|前排生命值增加320|后排攻击力增加40
172	18	2	1,-1,60000|34,-1,3	0,640|1,80	1|2	提升所有上阵数码兽的生命值、攻击力|前排生命值增加640|后排攻击力增加80
173	18	3	1,-1,100000|34,-1,3	0,960|1,120	1|2	提升所有上阵数码兽的生命值、攻击力|前排生命值增加960|后排攻击力增加120
174	18	4	1,-1,150000|34,-1,4	0,1280|1,160	1|2	提升所有上阵数码兽的生命值、攻击力|前排生命值增加1280|后排攻击力增加160
175	18	5	1,-1,200000|34,-1,4	0,1600|1,200	1|2	提升所有上阵数码兽的生命值、攻击力|前排生命值增加1600|后排攻击力增加200
176	18	6	1,-1,250000|34,-1,5	0,1920|1,240	1|2	提升所有上阵数码兽的生命值、攻击力|前排生命值增加1920|后排攻击力增加240
177	18	7	1,-1,300000|34,-1,5	0,2240|1,280	1|2	提升所有上阵数码兽的生命值、攻击力|前排生命值增加2240|后排攻击力增加280
178	18	8	1,-1,350000|34,-1,6	0,2560|1,320	1|2	提升所有上阵数码兽的生命值、攻击力|前排生命值增加2560|后排攻击力增加320
179	18	9	1,-1,400000|34,-1,6	0,2880|1,360	1|2	提升所有上阵数码兽的生命值、攻击力|前排生命值增加2880|后排攻击力增加360
180	18	10	1,-1,500000|34,-1,7	0,3200|1,400	1|2	提升所有上阵数码兽的生命值、攻击力|前排生命值增加3200|后排攻击力增加400
181	19	1	1,-1,30000|34,-1,4	8,1	3	提升攻型数码兽的暴击率|暴击率提升1%
182	19	2	1,-1,60000|34,-1,4	8,2	3	提升攻型数码兽的暴击率|暴击率提升2%
183	19	3	1,-1,100000|34,-1,4	8,3	3	提升攻型数码兽的暴击率|暴击率提升3%
184	19	4	1,-1,150000|34,-1,5	8,4	3	提升攻型数码兽的暴击率|暴击率提升4%
185	19	5	1,-1,200000|34,-1,5	8,5	3	提升攻型数码兽的暴击率|暴击率提升5%
186	19	6	1,-1,250000|34,-1,6	8,6	3	提升攻型数码兽的暴击率|暴击率提升6%
187	19	7	1,-1,300000|34,-1,6	8,7	3	提升攻型数码兽的暴击率|暴击率提升7%
188	19	8	1,-1,350000|34,-1,7	8,8	3	提升攻型数码兽的暴击率|暴击率提升8%
189	19	9	1,-1,400000|34,-1,7	8,9	3	提升攻型数码兽的暴击率|暴击率提升9%
190	19	10	1,-1,500000|34,-1,8	8,10	3	提升攻型数码兽的暴击率|暴击率提升10%
191	20	1	1,-1,30000|34,-1,5	43,3	3	提升攻型数码兽暴击伤害|暴击伤害提升3%
192	20	2	1,-1,60000|34,-1,5	43,6	3	提升攻型数码兽暴击伤害|暴击伤害提升6%
193	20	3	1,-1,100000|34,-1,5	43,9	3	提升攻型数码兽暴击伤害|暴击伤害提升9%
194	20	4	1,-1,150000|34,-1,6	43,12	3	提升攻型数码兽暴击伤害|暴击伤害提升12%
195	20	5	1,-1,200000|34,-1,6	43,15	3	提升攻型数码兽暴击伤害|暴击伤害提升15%
196	20	6	1,-1,250000|34,-1,7	43,18	3	提升攻型数码兽暴击伤害|暴击伤害提升18%
197	20	7	1,-1,300000|34,-1,7	43,21	3	提升攻型数码兽暴击伤害|暴击伤害提升21%
198	20	8	1,-1,350000|34,-1,8	43,24	3	提升攻型数码兽暴击伤害|暴击伤害提升24%
199	20	9	1,-1,400000|34,-1,8	43,27	3	提升攻型数码兽暴击伤害|暴击伤害提升27%
200	20	10	1,-1,500000|34,-1,9	43,30	3	提升攻型数码兽暴击伤害|暴击伤害提升30%
201	21	1	1,-1,30000|34,-1,6	40,0.01	3	攻型数码兽能够在战斗中吸血|吸血率提升1%
202	21	2	1,-1,60000|34,-1,6	40,0.02	3	攻型数码兽能够在战斗中吸血|吸血率提升2%
203	21	3	1,-1,100000|34,-1,6	40,0.03	3	攻型数码兽能够在战斗中吸血|吸血率提升3%
204	21	4	1,-1,150000|34,-1,7	40,0.04	3	攻型数码兽能够在战斗中吸血|吸血率提升4%
205	21	5	1,-1,200000|34,-1,7	40,0.05	3	攻型数码兽能够在战斗中吸血|吸血率提升5%
206	21	6	1,-1,250000|34,-1,8	40,0.06	3	攻型数码兽能够在战斗中吸血|吸血率提升6%
207	21	7	1,-1,300000|34,-1,8	40,0.07	3	攻型数码兽能够在战斗中吸血|吸血率提升7%
208	21	8	1,-1,350000|34,-1,9	40,0.08	3	攻型数码兽能够在战斗中吸血|吸血率提升8%
209	21	9	1,-1,400000|34,-1,9	40,0.09	3	攻型数码兽能够在战斗中吸血|吸血率提升9%
210	21	10	1,-1,500000|34,-1,10	40,0.1	3	攻型数码兽能够在战斗中吸血|吸血率提升10%
211	22	1	1,-1,30000|34,-1,4	33,0.3	4	提升技型数码兽伤害率|伤害率提升0.3%
212	22	2	1,-1,60000|34,-1,4	33,0.6	4	提升技型数码兽伤害率|伤害率提升0.6%
213	22	3	1,-1,100000|34,-1,4	33,0.9	4	提升技型数码兽伤害率|伤害率提升0.9%
214	22	4	1,-1,150000|34,-1,5	33,1.2	4	提升技型数码兽伤害率|伤害率提升1.2%
215	22	5	1,-1,200000|34,-1,5	33,1.5	4	提升技型数码兽伤害率|伤害率提升1.5%
216	22	6	1,-1,250000|34,-1,6	33,1.8	4	提升技型数码兽伤害率|伤害率提升1.8%
217	22	7	1,-1,300000|34,-1,6	33,2.1	4	提升技型数码兽伤害率|伤害率提升2.1%
218	22	8	1,-1,350000|34,-1,7	33,2.4	4	提升技型数码兽伤害率|伤害率提升2.4%
219	22	9	1,-1,400000|34,-1,7	33,2.7	4	提升技型数码兽伤害率|伤害率提升2.7%
220	22	10	1,-1,500000|34,-1,8	33,3	4	提升技型数码兽伤害率|伤害率提升3%
221	23	1	1,-1,30000|34,-1,5	34,0.3	4	提升技型数码兽免伤率|免伤率提升0.3%
222	23	2	1,-1,60000|34,-1,5	34,0.6	4	提升技型数码兽免伤率|免伤率提升0.6%
223	23	3	1,-1,100000|34,-1,5	34,0.9	4	提升技型数码兽免伤率|免伤率提升0.9%
224	23	4	1,-1,150000|34,-1,6	34,1.2	4	提升技型数码兽免伤率|免伤率提升1.2%
225	23	5	1,-1,200000|34,-1,6	34,1.5	4	提升技型数码兽免伤率|免伤率提升1.5%
226	23	6	1,-1,250000|34,-1,7	34,1.8	4	提升技型数码兽免伤率|免伤率提升1.8%
227	23	7	1,-1,300000|34,-1,7	34,2.1	4	提升技型数码兽免伤率|免伤率提升2.1%
228	23	8	1,-1,350000|34,-1,8	34,2.4	4	提升技型数码兽免伤率|免伤率提升2.4%
229	23	9	1,-1,400000|34,-1,8	34,2.7	4	提升技型数码兽免伤率|免伤率提升2.7%
230	23	10	1,-1,500000|34,-1,9	34,3	4	提升技型数码兽免伤率|免伤率提升3%
231	24	1	1,-1,30000|34,-1,6	55,0.02	4	技型数码兽必杀伤害增加|必杀伤害系数增加2%
232	24	2	1,-1,60000|34,-1,6	55,0.04	4	技型数码兽必杀伤害增加|必杀伤害系数增加4%
233	24	3	1,-1,100000|34,-1,6	55,0.06	4	技型数码兽必杀伤害增加|必杀伤害系数增加6%
234	24	4	1,-1,150000|34,-1,7	55,0.08	4	技型数码兽必杀伤害增加|必杀伤害系数增加8%
235	24	5	1,-1,200000|34,-1,7	55,0.1	4	技型数码兽必杀伤害增加|必杀伤害系数增加10%
236	24	6	1,-1,250000|34,-1,8	55,0.12	4	技型数码兽必杀伤害增加|必杀伤害系数增加12%
237	24	7	1,-1,300000|34,-1,8	55,0.14	4	技型数码兽必杀伤害增加|必杀伤害系数增加14%
238	24	8	1,-1,350000|34,-1,9	55,0.16	4	技型数码兽必杀伤害增加|必杀伤害系数增加16%
239	24	9	1,-1,400000|34,-1,9	55,0.18	4	技型数码兽必杀伤害增加|必杀伤害系数增加18%
240	24	10	1,-1,500000|34,-1,10	55,0.2	4	技型数码兽必杀伤害增加|必杀伤害系数增加20%
241	25	1	1,-1,30000|34,-1,4	10,1.2	5	提升防型数码兽的格挡率|格挡率提升1.2%
242	25	2	1,-1,60000|34,-1,4	10,2.4	5	提升防型数码兽的格挡率|格挡率提升2.4%
243	25	3	1,-1,100000|34,-1,4	10,3.6	5	提升防型数码兽的格挡率|格挡率提升3.6%
244	25	4	1,-1,150000|34,-1,5	10,4.8	5	提升防型数码兽的格挡率|格挡率提升4.8%
245	25	5	1,-1,200000|34,-1,5	10,6	5	提升防型数码兽的格挡率|格挡率提升6%
246	25	6	1,-1,250000|34,-1,6	10,7.2	5	提升防型数码兽的格挡率|格挡率提升7.2%
247	25	7	1,-1,300000|34,-1,6	10,8.4	5	提升防型数码兽的格挡率|格挡率提升8.4%
248	25	8	1,-1,350000|34,-1,7	10,9.6	5	提升防型数码兽的格挡率|格挡率提升9.6%
249	25	9	1,-1,400000|34,-1,7	10,10.8	5	提升防型数码兽的格挡率|格挡率提升10.8%
250	25	10	1,-1,500000|34,-1,8	10,12	5	提升防型数码兽的格挡率|格挡率提升12%
251	26	1	1,-1,30000|34,-1,5	34,0.35	5	提升防型数码兽免伤率|免伤率提升0.35%
252	26	2	1,-1,60000|34,-1,5	34,0.7	5	提升防型数码兽免伤率|免伤率提升0.7%
253	26	3	1,-1,100000|34,-1,5	34,1.05	5	提升防型数码兽免伤率|免伤率提升1.05%
254	26	4	1,-1,150000|34,-1,6	34,1.4	5	提升防型数码兽免伤率|免伤率提升1.4%
255	26	5	1,-1,200000|34,-1,6	34,1.75	5	提升防型数码兽免伤率|免伤率提升1.75%
256	26	6	1,-1,250000|34,-1,7	34,2.1	5	提升防型数码兽免伤率|免伤率提升2.1%
257	26	7	1,-1,300000|34,-1,7	34,2.45	5	提升防型数码兽免伤率|免伤率提升2.45%
258	26	8	1,-1,350000|34,-1,8	34,2.8	5	提升防型数码兽免伤率|免伤率提升2.8%
259	26	9	1,-1,400000|34,-1,8	34,3.15	5	提升防型数码兽免伤率|免伤率提升3.15%
260	26	10	1,-1,500000|34,-1,9	34,3.5	5	提升防型数码兽免伤率|免伤率提升3.5%
261	27	1	1,-1,30000|34,-1,6	42,0.012	5	防型数码兽能够反弹敌人伤害|伤害反弹系数增加1.2%
262	27	2	1,-1,60000|34,-1,6	42,0.024	5	防型数码兽能够反弹敌人伤害|伤害反弹系数增加2.4%
263	27	3	1,-1,100000|34,-1,6	42,0.036	5	防型数码兽能够反弹敌人伤害|伤害反弹系数增加3.6%
264	27	4	1,-1,150000|34,-1,7	42,0.048	5	防型数码兽能够反弹敌人伤害|伤害反弹系数增加4.8%
265	27	5	1,-1,200000|34,-1,7	42,0.06	5	防型数码兽能够反弹敌人伤害|伤害反弹系数增加6%
266	27	6	1,-1,250000|34,-1,8	42,0.072	5	防型数码兽能够反弹敌人伤害|伤害反弹系数增加7.2%
267	27	7	1,-1,300000|34,-1,8	42,0.084	5	防型数码兽能够反弹敌人伤害|伤害反弹系数增加8.4%
268	27	8	1,-1,350000|34,-1,9	42,0.096	5	防型数码兽能够反弹敌人伤害|伤害反弹系数增加9.6%
269	27	9	1,-1,400000|34,-1,9	42,0.108	5	防型数码兽能够反弹敌人伤害|伤害反弹系数增加10.8%
270	27	10	1,-1,500000|34,-1,10	42,0.12	5	防型数码兽能够反弹敌人伤害|伤害反弹系数增加12%
271	28	1	1,-1,60000|34,-1,4	1,160|0,800	9|9	提升数码兽在竞技场中的攻击力和生命值|攻击力增加160|生命值增加800
272	28	2	1,-1,120000|34,-1,4	1,320|0,1600	9|9	提升数码兽在竞技场中的攻击力和生命值|攻击力增加320|生命值增加1600
273	28	3	1,-1,200000|34,-1,4	1,480|0,2400	9|9	提升数码兽在竞技场中的攻击力和生命值|攻击力增加480|生命值增加2400
274	28	4	1,-1,300000|34,-1,5	1,640|0,3200	9|9	提升数码兽在竞技场中的攻击力和生命值|攻击力增加640|生命值增加3200
275	28	5	1,-1,400000|34,-1,5	1,800|0,4000	9|9	提升数码兽在竞技场中的攻击力和生命值|攻击力增加800|生命值增加4000
276	28	6	1,-1,500000|34,-1,6	1,960|0,4800	9|9	提升数码兽在竞技场中的攻击力和生命值|攻击力增加960|生命值增加4800
277	28	7	1,-1,600000|34,-1,6	1,1120|0,5600	9|9	提升数码兽在竞技场中的攻击力和生命值|攻击力增加1120|生命值增加5600
278	28	8	1,-1,700000|34,-1,7	1,1280|0,6400	9|9	提升数码兽在竞技场中的攻击力和生命值|攻击力增加1280|生命值增加6400
279	28	9	1,-1,800000|34,-1,7	1,1440|0,7200	9|9	提升数码兽在竞技场中的攻击力和生命值|攻击力增加1440|生命值增加7200
280	28	10	1,-1,1000000|34,-1,8	1,1600|0,8000	9|9	提升数码兽在竞技场中的攻击力和生命值|攻击力增加1600|生命值增加8000
281	29	1	1,-1,60000|34,-1,5	33,0.2|34,0.2	9|9	提升数码兽在竞技场中的伤害率和免伤率|伤害率增加0.2%|免伤率增加0.2%
282	29	2	1,-1,120000|34,-1,5	33,0.4|34,0.4	9|9	提升数码兽在竞技场中的伤害率和免伤率|伤害率增加0.4%|免伤率增加0.4%
283	29	3	1,-1,200000|34,-1,5	33,0.6|34,0.6	9|9	提升数码兽在竞技场中的伤害率和免伤率|伤害率增加0.6%|免伤率增加0.6%
284	29	4	1,-1,300000|34,-1,6	33,0.8|34,0.8	9|9	提升数码兽在竞技场中的伤害率和免伤率|伤害率增加0.8%|免伤率增加0.8%
285	29	5	1,-1,400000|34,-1,6	33,1|34,1	9|9	提升数码兽在竞技场中的伤害率和免伤率|伤害率增加1%|免伤率增加1%
286	29	6	1,-1,500000|34,-1,7	33,1.2|34,1.2	9|9	提升数码兽在竞技场中的伤害率和免伤率|伤害率增加1.2%|免伤率增加1.2%
287	29	7	1,-1,600000|34,-1,7	33,1.4|34,1.4	9|9	提升数码兽在竞技场中的伤害率和免伤率|伤害率增加1.4%|免伤率增加1.4%
288	29	8	1,-1,700000|34,-1,8	33,1.6|34,1.6	9|9	提升数码兽在竞技场中的伤害率和免伤率|伤害率增加1.6%|免伤率增加1.6%
289	29	9	1,-1,800000|34,-1,8	33,1.8|34,1.8	9|9	提升数码兽在竞技场中的伤害率和免伤率|伤害率增加1.8%|免伤率增加1.8%
290	29	10	1,-1,1000000|34,-1,9	33,2|34,2	9|9	提升数码兽在竞技场中的伤害率和免伤率|伤害率增加2%|免伤率增加2%
291	30	1	1,-1,60000|34,-1,6	56,0.2|57,0.2	9|9	提升数码兽在竞技场中的必杀伤害和必杀减免|必杀伤害增加0.2%|必杀减免增加0.2%
292	30	2	1,-1,120000|34,-1,6	56,0.4|57,0.4	9|9	提升数码兽在竞技场中的必杀伤害和必杀减免|必杀伤害增加0.4%|必杀减免增加0.4%
293	30	3	1,-1,200000|34,-1,6	56,0.6|57,0.6	9|9	提升数码兽在竞技场中的必杀伤害和必杀减免|必杀伤害增加0.6%|必杀减免增加0.6%
294	30	4	1,-1,300000|34,-1,7	56,0.8|57,0.8	9|9	提升数码兽在竞技场中的必杀伤害和必杀减免|必杀伤害增加0.8%|必杀减免增加0.8%
295	30	5	1,-1,400000|34,-1,7	56,1|57,1	9|9	提升数码兽在竞技场中的必杀伤害和必杀减免|必杀伤害增加1%|必杀减免增加1%
296	30	6	1,-1,500000|34,-1,8	56,1.2|57,1.2	9|9	提升数码兽在竞技场中的必杀伤害和必杀减免|必杀伤害增加1.2%|必杀减免增加1.2%
297	30	7	1,-1,600000|34,-1,8	56,1.4|57,1.4	9|9	提升数码兽在竞技场中的必杀伤害和必杀减免|必杀伤害增加1.4%|必杀减免增加1.4%
298	30	8	1,-1,700000|34,-1,9	56,1.6|57,1.6	9|9	提升数码兽在竞技场中的必杀伤害和必杀减免|必杀伤害增加1.6%|必杀减免增加1.6%
299	30	9	1,-1,800000|34,-1,9	56,1.8|57,1.8	9|9	提升数码兽在竞技场中的必杀伤害和必杀减免|必杀伤害增加1.8%|必杀减免增加1.8%
300	30	10	1,-1,1000000|34,-1,10	56,2|57,2	9|9	提升数码兽在竞技场中的必杀伤害和必杀减免|必杀伤害增加2%|必杀减免增加2%
301	31	1	1,-1,60000|34,-1,4	1,160|0,800	10|10	提升数码兽在王者之战中的攻击力和生命值|攻击力增加160|生命值增加800
302	31	2	1,-1,120000|34,-1,4	1,320|0,1600	10|10	提升数码兽在王者之战中的攻击力和生命值|攻击力增加320|生命值增加1600
303	31	3	1,-1,200000|34,-1,4	1,480|0,2400	10|10	提升数码兽在王者之战中的攻击力和生命值|攻击力增加480|生命值增加2400
304	31	4	1,-1,300000|34,-1,5	1,640|0,3200	10|10	提升数码兽在王者之战中的攻击力和生命值|攻击力增加640|生命值增加3200
305	31	5	1,-1,400000|34,-1,5	1,800|0,4000	10|10	提升数码兽在王者之战中的攻击力和生命值|攻击力增加800|生命值增加4000
306	31	6	1,-1,500000|34,-1,6	1,960|0,4800	10|10	提升数码兽在王者之战中的攻击力和生命值|攻击力增加960|生命值增加4800
307	31	7	1,-1,600000|34,-1,6	1,1120|0,5600	10|10	提升数码兽在王者之战中的攻击力和生命值|攻击力增加1120|生命值增加5600
308	31	8	1,-1,700000|34,-1,7	1,1280|0,6400	10|10	提升数码兽在王者之战中的攻击力和生命值|攻击力增加1280|生命值增加6400
309	31	9	1,-1,800000|34,-1,7	1,1440|0,7200	10|10	提升数码兽在王者之战中的攻击力和生命值|攻击力增加1440|生命值增加7200
310	31	10	1,-1,1000000|34,-1,8	1,1600|0,8000	10|10	提升数码兽在王者之战中的攻击力和生命值|攻击力增加1600|生命值增加8000
311	32	1	1,-1,60000|34,-1,5	33,0.2|34,0.2	10|10	提升数码兽在王者之战中的伤害率和免伤率|伤害率增加0.2%|免伤率增加0.2%
312	32	2	1,-1,120000|34,-1,5	33,0.4|34,0.4	10|10	提升数码兽在王者之战中的伤害率和免伤率|伤害率增加0.4%|免伤率增加0.4%
313	32	3	1,-1,200000|34,-1,5	33,0.6|34,0.6	10|10	提升数码兽在王者之战中的伤害率和免伤率|伤害率增加0.6%|免伤率增加0.6%
314	32	4	1,-1,300000|34,-1,6	33,0.8|34,0.8	10|10	提升数码兽在王者之战中的伤害率和免伤率|伤害率增加0.8%|免伤率增加0.8%
315	32	5	1,-1,400000|34,-1,6	33,1|34,1	10|10	提升数码兽在王者之战中的伤害率和免伤率|伤害率增加1%|免伤率增加1%
316	32	6	1,-1,500000|34,-1,7	33,1.2|34,1.2	10|10	提升数码兽在王者之战中的伤害率和免伤率|伤害率增加1.2%|免伤率增加1.2%
317	32	7	1,-1,600000|34,-1,7	33,1.4|34,1.4	10|10	提升数码兽在王者之战中的伤害率和免伤率|伤害率增加1.4%|免伤率增加1.4%
318	32	8	1,-1,700000|34,-1,8	33,1.6|34,1.6	10|10	提升数码兽在王者之战中的伤害率和免伤率|伤害率增加1.6%|免伤率增加1.6%
319	32	9	1,-1,800000|34,-1,8	33,1.8|34,1.8	10|10	提升数码兽在王者之战中的伤害率和免伤率|伤害率增加1.8%|免伤率增加1.8%
320	32	10	1,-1,1000000|34,-1,9	33,2|34,2	10|10	提升数码兽在王者之战中的伤害率和免伤率|伤害率增加2%|免伤率增加2%
321	33	1	1,-1,60000|34,-1,6	56,0.2|57,0.2	10|10	提升数码兽在王者之战中的必杀伤害和必杀减免|必杀伤害增加0.2%|必杀减免增加0.2%
322	33	2	1,-1,120000|34,-1,6	56,0.4|57,0.4	10|10	提升数码兽在王者之战中的必杀伤害和必杀减免|必杀伤害增加0.4%|必杀减免增加0.4%
323	33	3	1,-1,200000|34,-1,6	56,0.6|57,0.6	10|10	提升数码兽在王者之战中的必杀伤害和必杀减免|必杀伤害增加0.6%|必杀减免增加0.6%
324	33	4	1,-1,300000|34,-1,7	56,0.8|57,0.8	10|10	提升数码兽在王者之战中的必杀伤害和必杀减免|必杀伤害增加0.8%|必杀减免增加0.8%
325	33	5	1,-1,400000|34,-1,7	56,1|57,1	10|10	提升数码兽在王者之战中的必杀伤害和必杀减免|必杀伤害增加1%|必杀减免增加1%
326	33	6	1,-1,500000|34,-1,8	56,1.2|57,1.2	10|10	提升数码兽在王者之战中的必杀伤害和必杀减免|必杀伤害增加1.2%|必杀减免增加1.2%
327	33	7	1,-1,600000|34,-1,8	56,1.4|57,1.4	10|10	提升数码兽在王者之战中的必杀伤害和必杀减免|必杀伤害增加1.4%|必杀减免增加1.4%
328	33	8	1,-1,700000|34,-1,9	56,1.6|57,1.6	10|10	提升数码兽在王者之战中的必杀伤害和必杀减免|必杀伤害增加1.6%|必杀减免增加1.6%
329	33	9	1,-1,800000|34,-1,9	56,1.8|57,1.8	10|10	提升数码兽在王者之战中的必杀伤害和必杀减免|必杀伤害增加1.8%|必杀减免增加1.8%
330	33	10	1,-1,1000000|34,-1,10	56,2|57,2	10|10	提升数码兽在王者之战中的必杀伤害和必杀减免|必杀伤害增加2%|必杀减免增加2%
331	34	1	1,-1,60000|34,-1,4	1,160|0,800	11|11	提升数码兽在公会战中的攻击力和生命值|攻击力增加160|生命值增加800
332	34	2	1,-1,120000|34,-1,4	1,320|0,1600	11|11	提升数码兽在公会战中的攻击力和生命值|攻击力增加320|生命值增加1600
333	34	3	1,-1,200000|34,-1,4	1,480|0,2400	11|11	提升数码兽在公会战中的攻击力和生命值|攻击力增加480|生命值增加2400
334	34	4	1,-1,300000|34,-1,5	1,640|0,3200	11|11	提升数码兽在公会战中的攻击力和生命值|攻击力增加640|生命值增加3200
335	34	5	1,-1,400000|34,-1,5	1,800|0,4000	11|11	提升数码兽在公会战中的攻击力和生命值|攻击力增加800|生命值增加4000
336	34	6	1,-1,500000|34,-1,6	1,960|0,4800	11|11	提升数码兽在公会战中的攻击力和生命值|攻击力增加960|生命值增加4800
337	34	7	1,-1,600000|34,-1,6	1,1120|0,5600	11|11	提升数码兽在公会战中的攻击力和生命值|攻击力增加1120|生命值增加5600
338	34	8	1,-1,700000|34,-1,7	1,1280|0,6400	11|11	提升数码兽在公会战中的攻击力和生命值|攻击力增加1280|生命值增加6400
339	34	9	1,-1,800000|34,-1,7	1,1440|0,7200	11|11	提升数码兽在公会战中的攻击力和生命值|攻击力增加1440|生命值增加7200
340	34	10	1,-1,1000000|34,-1,8	1,1600|0,8000	11|11	提升数码兽在公会战中的攻击力和生命值|攻击力增加1600|生命值增加8000
341	35	1	1,-1,60000|34,-1,5	33,0.2|34,0.2	11|11	提升数码兽在公会战中的伤害率和免伤率|伤害率增加0.2%|免伤率增加0.2%
342	35	2	1,-1,120000|34,-1,5	33,0.4|34,0.4	11|11	提升数码兽在公会战中的伤害率和免伤率|伤害率增加0.4%|免伤率增加0.4%
343	35	3	1,-1,200000|34,-1,5	33,0.6|34,0.6	11|11	提升数码兽在公会战中的伤害率和免伤率|伤害率增加0.6%|免伤率增加0.6%
344	35	4	1,-1,300000|34,-1,6	33,0.8|34,0.8	11|11	提升数码兽在公会战中的伤害率和免伤率|伤害率增加0.8%|免伤率增加0.8%
345	35	5	1,-1,400000|34,-1,6	33,1|34,1	11|11	提升数码兽在公会战中的伤害率和免伤率|伤害率增加1%|免伤率增加1%
346	35	6	1,-1,500000|34,-1,7	33,1.2|34,1.2	11|11	提升数码兽在公会战中的伤害率和免伤率|伤害率增加1.2%|免伤率增加1.2%
347	35	7	1,-1,600000|34,-1,7	33,1.4|34,1.4	11|11	提升数码兽在公会战中的伤害率和免伤率|伤害率增加1.4%|免伤率增加1.4%
348	35	8	1,-1,700000|34,-1,8	33,1.6|34,1.6	11|11	提升数码兽在公会战中的伤害率和免伤率|伤害率增加1.6%|免伤率增加1.6%
349	35	9	1,-1,800000|34,-1,8	33,1.8|34,1.8	11|11	提升数码兽在公会战中的伤害率和免伤率|伤害率增加1.8%|免伤率增加1.8%
350	35	10	1,-1,1000000|34,-1,9	33,2|34,2	11|11	提升数码兽在公会战中的伤害率和免伤率|伤害率增加2%|免伤率增加2%
351	36	1	1,-1,60000|34,-1,6	56,0.2|57,0.2	11|11	提升数码兽在公会战中的必杀伤害和必杀减免|必杀伤害增加0.2%|必杀减免增加0.2%
352	36	2	1,-1,120000|34,-1,6	56,0.4|57,0.4	11|11	提升数码兽在公会战中的必杀伤害和必杀减免|必杀伤害增加0.4%|必杀减免增加0.4%
353	36	3	1,-1,200000|34,-1,6	56,0.6|57,0.6	11|11	提升数码兽在公会战中的必杀伤害和必杀减免|必杀伤害增加0.6%|必杀减免增加0.6%
354	36	4	1,-1,300000|34,-1,7	56,0.8|57,0.8	11|11	提升数码兽在公会战中的必杀伤害和必杀减免|必杀伤害增加0.8%|必杀减免增加0.8%
355	36	5	1,-1,400000|34,-1,7	56,1|57,1	11|11	提升数码兽在公会战中的必杀伤害和必杀减免|必杀伤害增加1%|必杀减免增加1%
356	36	6	1,-1,500000|34,-1,8	56,1.2|57,1.2	11|11	提升数码兽在公会战中的必杀伤害和必杀减免|必杀伤害增加1.2%|必杀减免增加1.2%
357	36	7	1,-1,600000|34,-1,8	56,1.4|57,1.4	11|11	提升数码兽在公会战中的必杀伤害和必杀减免|必杀伤害增加1.4%|必杀减免增加1.4%
358	36	8	1,-1,700000|34,-1,9	56,1.6|57,1.6	11|11	提升数码兽在公会战中的必杀伤害和必杀减免|必杀伤害增加1.6%|必杀减免增加1.6%
359	36	9	1,-1,800000|34,-1,9	56,1.8|57,1.8	11|11	提升数码兽在公会战中的必杀伤害和必杀减免|必杀伤害增加1.8%|必杀减免增加1.8%
360	36	10	1,-1,1000000|34,-1,10	56,2|57,2	11|11	提升数码兽在公会战中的必杀伤害和必杀减免|必杀伤害增加2%|必杀减免增加2%
361	37	1	1,-1,60000|34,-1,4	1,160|0,800	12|12	提升数码兽在跨服王者中的攻击力和生命值|攻击力增加160|生命值增加800
362	37	2	1,-1,120000|34,-1,4	1,320|0,1600	12|12	提升数码兽在跨服王者中的攻击力和生命值|攻击力增加320|生命值增加1600
363	37	3	1,-1,200000|34,-1,4	1,480|0,2400	12|12	提升数码兽在跨服王者中的攻击力和生命值|攻击力增加480|生命值增加2400
364	37	4	1,-1,300000|34,-1,5	1,640|0,3200	12|12	提升数码兽在跨服王者中的攻击力和生命值|攻击力增加640|生命值增加3200
365	37	5	1,-1,400000|34,-1,5	1,800|0,4000	12|12	提升数码兽在跨服王者中的攻击力和生命值|攻击力增加800|生命值增加4000
366	37	6	1,-1,500000|34,-1,6	1,960|0,4800	12|12	提升数码兽在跨服王者中的攻击力和生命值|攻击力增加960|生命值增加4800
367	37	7	1,-1,600000|34,-1,6	1,1120|0,5600	12|12	提升数码兽在跨服王者中的攻击力和生命值|攻击力增加1120|生命值增加5600
368	37	8	1,-1,700000|34,-1,7	1,1280|0,6400	12|12	提升数码兽在跨服王者中的攻击力和生命值|攻击力增加1280|生命值增加6400
369	37	9	1,-1,800000|34,-1,7	1,1440|0,7200	12|12	提升数码兽在跨服王者中的攻击力和生命值|攻击力增加1440|生命值增加7200
370	37	10	1,-1,1000000|34,-1,8	1,1600|0,8000	12|12	提升数码兽在跨服王者中的攻击力和生命值|攻击力增加1600|生命值增加8000
371	38	1	1,-1,60000|34,-1,5	33,0.2|34,0.2	12|12	提升数码兽在跨服王者中的伤害率和免伤率|伤害率增加0.2%|免伤率增加0.2%
372	38	2	1,-1,120000|34,-1,5	33,0.4|34,0.4	12|12	提升数码兽在跨服王者中的伤害率和免伤率|伤害率增加0.4%|免伤率增加0.4%
373	38	3	1,-1,200000|34,-1,5	33,0.6|34,0.6	12|12	提升数码兽在跨服王者中的伤害率和免伤率|伤害率增加0.6%|免伤率增加0.6%
374	38	4	1,-1,300000|34,-1,6	33,0.8|34,0.8	12|12	提升数码兽在跨服王者中的伤害率和免伤率|伤害率增加0.8%|免伤率增加0.8%
375	38	5	1,-1,400000|34,-1,6	33,1|34,1	12|12	提升数码兽在跨服王者中的伤害率和免伤率|伤害率增加1%|免伤率增加1%
376	38	6	1,-1,500000|34,-1,7	33,1.2|34,1.2	12|12	提升数码兽在跨服王者中的伤害率和免伤率|伤害率增加1.2%|免伤率增加1.2%
377	38	7	1,-1,600000|34,-1,7	33,1.4|34,1.4	12|12	提升数码兽在跨服王者中的伤害率和免伤率|伤害率增加1.4%|免伤率增加1.4%
378	38	8	1,-1,700000|34,-1,8	33,1.6|34,1.6	12|12	提升数码兽在跨服王者中的伤害率和免伤率|伤害率增加1.6%|免伤率增加1.6%
379	38	9	1,-1,800000|34,-1,8	33,1.8|34,1.8	12|12	提升数码兽在跨服王者中的伤害率和免伤率|伤害率增加1.8%|免伤率增加1.8%
380	38	10	1,-1,1000000|34,-1,9	33,2|34,2	12|12	提升数码兽在跨服王者中的伤害率和免伤率|伤害率增加2%|免伤率增加2%
381	39	1	1,-1,60000|34,-1,6	56,0.2|57,0.2	12|12	提升数码兽在跨服王者中的必杀伤害和必杀减免|必杀伤害增加0.2%|必杀减免增加0.2%
382	39	2	1,-1,120000|34,-1,6	56,0.4|57,0.4	12|12	提升数码兽在跨服王者中的必杀伤害和必杀减免|必杀伤害增加0.4%|必杀减免增加0.4%
383	39	3	1,-1,200000|34,-1,6	56,0.6|57,0.6	12|12	提升数码兽在跨服王者中的必杀伤害和必杀减免|必杀伤害增加0.6%|必杀减免增加0.6%
384	39	4	1,-1,300000|34,-1,7	56,0.8|57,0.8	12|12	提升数码兽在跨服王者中的必杀伤害和必杀减免|必杀伤害增加0.8%|必杀减免增加0.8%
385	39	5	1,-1,400000|34,-1,7	56,1|57,1	12|12	提升数码兽在跨服王者中的必杀伤害和必杀减免|必杀伤害增加1%|必杀减免增加1%
386	39	6	1,-1,500000|34,-1,8	56,1.2|57,1.2	12|12	提升数码兽在跨服王者中的必杀伤害和必杀减免|必杀伤害增加1.2%|必杀减免增加1.2%
387	39	7	1,-1,600000|34,-1,8	56,1.4|57,1.4	12|12	提升数码兽在跨服王者中的必杀伤害和必杀减免|必杀伤害增加1.4%|必杀减免增加1.4%
388	39	8	1,-1,700000|34,-1,9	56,1.6|57,1.6	12|12	提升数码兽在跨服王者中的必杀伤害和必杀减免|必杀伤害增加1.6%|必杀减免增加1.6%
389	39	9	1,-1,800000|34,-1,9	56,1.8|57,1.8	12|12	提升数码兽在跨服王者中的必杀伤害和必杀减免|必杀伤害增加1.8%|必杀减免增加1.8%
390	39	10	1,-1,1000000|34,-1,10	56,2|57,2	12|12	提升数码兽在跨服王者中的必杀伤害和必杀减免|必杀伤害增加2%|必杀减免增加2%
391	40	1	1,-1,60000|34,-1,4	1,160|0,800	13|13	提升数码兽在跨服矿战中的攻击力和生命值|攻击力增加160|生命值增加800
392	40	2	1,-1,120000|34,-1,4	1,320|0,1600	13|13	提升数码兽在跨服矿战中的攻击力和生命值|攻击力增加320|生命值增加1600
393	40	3	1,-1,200000|34,-1,4	1,480|0,2400	13|13	提升数码兽在跨服矿战中的攻击力和生命值|攻击力增加480|生命值增加2400
394	40	4	1,-1,300000|34,-1,5	1,640|0,3200	13|13	提升数码兽在跨服矿战中的攻击力和生命值|攻击力增加640|生命值增加3200
395	40	5	1,-1,400000|34,-1,5	1,800|0,4000	13|13	提升数码兽在跨服矿战中的攻击力和生命值|攻击力增加800|生命值增加4000
396	40	6	1,-1,500000|34,-1,6	1,960|0,4800	13|13	提升数码兽在跨服矿战中的攻击力和生命值|攻击力增加960|生命值增加4800
397	40	7	1,-1,600000|34,-1,6	1,1120|0,5600	13|13	提升数码兽在跨服矿战中的攻击力和生命值|攻击力增加1120|生命值增加5600
398	40	8	1,-1,700000|34,-1,7	1,1280|0,6400	13|13	提升数码兽在跨服矿战中的攻击力和生命值|攻击力增加1280|生命值增加6400
399	40	9	1,-1,800000|34,-1,7	1,1440|0,7200	13|13	提升数码兽在跨服矿战中的攻击力和生命值|攻击力增加1440|生命值增加7200
400	40	10	1,-1,1000000|34,-1,8	1,1600|0,8000	13|13	提升数码兽在跨服矿战中的攻击力和生命值|攻击力增加1600|生命值增加8000
401	41	1	1,-1,60000|34,-1,5	33,0.2|34,0.2	13|13	提升数码兽在跨服矿战中的伤害率和免伤率|伤害率增加0.2%|免伤率增加0.2%
402	41	2	1,-1,120000|34,-1,5	33,0.4|34,0.4	13|13	提升数码兽在跨服矿战中的伤害率和免伤率|伤害率增加0.4%|免伤率增加0.4%
403	41	3	1,-1,200000|34,-1,5	33,0.6|34,0.6	13|13	提升数码兽在跨服矿战中的伤害率和免伤率|伤害率增加0.6%|免伤率增加0.6%
404	41	4	1,-1,300000|34,-1,6	33,0.8|34,0.8	13|13	提升数码兽在跨服矿战中的伤害率和免伤率|伤害率增加0.8%|免伤率增加0.8%
405	41	5	1,-1,400000|34,-1,6	33,1|34,1	13|13	提升数码兽在跨服矿战中的伤害率和免伤率|伤害率增加1%|免伤率增加1%
406	41	6	1,-1,500000|34,-1,7	33,1.2|34,1.2	13|13	提升数码兽在跨服矿战中的伤害率和免伤率|伤害率增加1.2%|免伤率增加1.2%
407	41	7	1,-1,600000|34,-1,7	33,1.4|34,1.4	13|13	提升数码兽在跨服矿战中的伤害率和免伤率|伤害率增加1.4%|免伤率增加1.4%
408	41	8	1,-1,700000|34,-1,8	33,1.6|34,1.6	13|13	提升数码兽在跨服矿战中的伤害率和免伤率|伤害率增加1.6%|免伤率增加1.6%
409	41	9	1,-1,800000|34,-1,8	33,1.8|34,1.8	13|13	提升数码兽在跨服矿战中的伤害率和免伤率|伤害率增加1.8%|免伤率增加1.8%
410	41	10	1,-1,1000000|34,-1,9	33,2|34,2	13|13	提升数码兽在跨服矿战中的伤害率和免伤率|伤害率增加2%|免伤率增加2%
411	42	1	1,-1,60000|34,-1,6	56,0.2|57,0.2	13|13	提升数码兽在跨服矿战中的必杀伤害和必杀减免|必杀伤害增加0.2%|必杀减免增加0.2%
412	42	2	1,-1,120000|34,-1,6	56,0.4|57,0.4	13|13	提升数码兽在跨服矿战中的必杀伤害和必杀减免|必杀伤害增加0.4%|必杀减免增加0.4%
413	42	3	1,-1,200000|34,-1,6	56,0.6|57,0.6	13|13	提升数码兽在跨服矿战中的必杀伤害和必杀减免|必杀伤害增加0.6%|必杀减免增加0.6%
414	42	4	1,-1,300000|34,-1,7	56,0.8|57,0.8	13|13	提升数码兽在跨服矿战中的必杀伤害和必杀减免|必杀伤害增加0.8%|必杀减免增加0.8%
415	42	5	1,-1,400000|34,-1,7	56,1|57,1	13|13	提升数码兽在跨服矿战中的必杀伤害和必杀减免|必杀伤害增加1%|必杀减免增加1%
416	42	6	1,-1,500000|34,-1,8	56,1.2|57,1.2	13|13	提升数码兽在跨服矿战中的必杀伤害和必杀减免|必杀伤害增加1.2%|必杀减免增加1.2%
417	42	7	1,-1,600000|34,-1,8	56,1.4|57,1.4	13|13	提升数码兽在跨服矿战中的必杀伤害和必杀减免|必杀伤害增加1.4%|必杀减免增加1.4%
418	42	8	1,-1,700000|34,-1,9	56,1.6|57,1.6	13|13	提升数码兽在跨服矿战中的必杀伤害和必杀减免|必杀伤害增加1.6%|必杀减免增加1.6%
419	42	9	1,-1,800000|34,-1,9	56,1.8|57,1.8	13|13	提升数码兽在跨服矿战中的必杀伤害和必杀减免|必杀伤害增加1.8%|必杀减免增加1.8%
420	42	10	1,-1,1000000|34,-1,10	56,2|57,2	13|13	提升数码兽在跨服矿战中的必杀伤害和必杀减免|必杀伤害增加2%|必杀减免增加2%
