1	1	46|0.275	-1	-1
2	2	-1	-1	1,3,6|1,1,1
3	3	10|0.32	-1	-1
4	4	-1	1770!1-27,2042|28-39,2043|40-49,2044|50-59,2045|60-69,2046|70-79,2047|80-89,2048|90-99,2049	-1
5	5	48|0.365	-1	-1
6	6	-1	-1	1,3,6|5,10,20
7	7	48|0.41	-1	-1
8	8	-1	1771!1-27,2042|28-39,2043|40-49,2044|50-59,2045|60-69,2046|70-79,2047|80-89,2048|90-99,2049	-1
9	9	10|0.455	-1	-1
10	10	-1	1772!1-27,2042|28-39,2043|40-49,2044|50-59,2045|60-69,2046|70-79,2047|80-89,2048|90-99,2049	-1
11	11	10|0.635	-1	-1
12	12	-1	-1	1,4,7|5,20,40
13	13	46|0.495	-1	-1
14	14	-1	1773!1-27,2042|28-39,2043|40-49,2044|50-59,2045|60-69,2046|70-79,2047|80-89,2048|90-99,2049	-1
15	15	46|0.585	-1	-1
16	16	-1	-1	1,4,7|5,20,40
17	17	10|0.675	-1	-1
18	18	-1	1774!1-27,2042|28-39,2043|40-49,2044|50-59,2045|60-69,2046|70-79,2047|80-89,2048|90-99,2049	-1
19	19	48|0.765	-1	-1
20	20	-1	1775!1-27,2042|28-39,2043|40-49,2044|50-59,2045|60-69,2046|70-79,2047|80-89,2048|90-99,2049	-1
21	21	10|0.945	-1	-1
22	22	-1	-1	1,4,7|5,20,40
23	23	46|0.825	-1	-1
24	24	-1	1776!1-27,2042|28-39,2043|40-49,2044|50-59,2045|60-69,2046|70-79,2047|80-89,2048|90-99,2049	-1
25	25	10|0.915	-1	-1
26	26	-1	-1	1,4,7|5,20,40
27	27	48|1.005	-1	-1
28	28	-1	1777!1-27,2042|28-39,2043|40-49,2044|50-59,2045|60-69,2046|70-79,2047|80-89,2048|90-99,2049	-1
29	29	10|1.195	-1	-1
30	30	-1	1778!1-27,2050|28-39,2051|40-49,2052|50-59,2053|60-69,2054|70-79,2055|80-89,2056|90-99,2057	-1
31	31	46|1.375	-1	-1
32	32	-1	-1	1,4,7|5,20,40
33	33	10|1.245	-1	-1
34	34	-1	1779!1-27,2050|28-39,2051|40-49,2052|50-59,2053|60-69,2054|70-79,2055|80-89,2056|90-99,2057	-1
35	35	46|1.335	-1	-1
36	36	-1	-1	2,5,8|5,20,40
37	37	48|1.425	-1	-1
38	38	-1	1780!1-27,2050|28-39,2051|40-49,2052|50-59,2053|60-69,2054|70-79,2055|80-89,2056|90-99,2057	-1
39	39	48|1.515	-1	-1
40	40	-1	1781!1-27,2050|28-39,2051|40-49,2052|50-59,2053|60-69,2054|70-79,2055|80-89,2056|90-99,2057	-1
41	41	46|1.695	-1	-1
42	42	-1	-1	2,5,8|5,20,40
43	43	10|1.605	-1	-1
44	44	-1	1782!1-27,2050|28-39,2051|40-49,2052|50-59,2053|60-69,2054|70-79,2055|80-89,2056|90-99,2057	-1
45	45	10|1.65	-1	-1
46	46	-1	-1	2,5,8|5,20,40
47	47	46|1.695	-1	-1
48	48	-1	1783!1-27,2050|28-39,2051|40-49,2052|50-59,2053|60-69,2054|70-79,2055|80-89,2056|90-99,2057	-1
49	49	48|1.74	-1	-1
50	50	-1	1784!1-27,2050|28-39,2051|40-49,2052|50-59,2053|60-69,2054|70-79,2055|80-89,2056|90-99,2057	-1
51	51	48|1.83	-1	-1
52	52	-1	-1	2,5,8|5,20,40
53	53	10|1.785	-1	-1
54	54	-1	1785!1-27,2050|28-39,2051|40-49,2052|50-59,2053|60-69,2054|70-79,2055|80-89,2056|90-99,2057	-1
55	55	48|1.965	-1	-1
56	56	-1	-1	2,5,8|5,20,40
57	57	10|2.055	-1	-1
58	58	-1	1786!1-27,2050|28-39,2051|40-49,2052|50-59,2053|60-69,2054|70-79,2055|80-89,2056|90-99,2057	-1
59	59	46|2.235	-1	-1
60	60	-1	1787!1-27,2050|28-39,2051|40-49,2052|50-59,2053|60-69,2054|70-79,2055|80-89,2056|90-99,2057	-1
