1	1	0	32	5	0	1	0	9999	1	1000	1500	1,999
2	2	0	34	5	0	1	0	9999	1	1000	1500	1,999
3	3	0	43	5	0	1	0	9999	1	1000	900	1,999
4	4	0	56	5	0	1	0	9999	1	1000	900	1,999
5	5	0	47	5	0	1	0	9999	1	1000	900	1,999
6	6	0	228	5	0	1	0	9999	1	1000	200	1,999
7	7	0	41	5	0	1	0	9999	1	1000	2000	1,999
8	8	0	243	5	0	1	0	9999	1	1000	250	1,999
9	9	0	68	20	0	1	0	9999	1	1000	400	1,999
10	10	0	69	30	0	1	0	9999	1	1000	300	20,29
11	10	0	70	30	0	1	0	9999	1	1000	300	20,29
12	10	0	71	30	0	1	0	9999	1	1000	300	20,29
13	10	0	72	30	0	1	0	9999	1	1000	360	20,39
14	10	0	73	30	0	1	0	9999	1	1000	360	20,39
15	10	0	74	30	0	1	0	9999	1	1000	360	20,39
16	10	0	75	30	0	1	0	9999	1	1000	360	20,49
17	10	0	76	30	0	1	0	9999	1	1000	360	20,49
18	10	0	77	30	0	1	0	9999	1	1000	360	20,49
19	10	0	78	30	0	1	0	9999	1	1000	430	30,59
20	10	0	79	30	0	1	0	9999	1	1000	430	30,59
21	10	0	80	30	0	1	0	9999	1	1000	430	30,59
22	10	0	81	30	0	1	0	9999	1	1000	500	40,69
23	10	0	82	30	0	1	0	9999	1	1000	500	40,69
24	10	0	83	30	0	1	0	9999	1	1000	500	40,69
25	10	0	84	30	0	1	0	9999	1	1000	570	50,79
26	10	0	85	30	0	1	0	9999	1	1000	570	50,79
27	10	0	86	30	0	1	0	9999	1	1000	570	50,79
28	10	0	87	30	0	1	0	9999	1	1000	650	60,85
29	10	0	88	30	0	1	0	9999	1	1000	650	60,85
30	10	0	89	30	0	1	0	9999	1	1000	650	60,85
31	10	0	90	30	0	1	0	9999	1	1000	720	70,99
32	10	0	91	30	0	1	0	9999	1	1000	720	70,99
33	10	0	92	30	0	1	0	9999	1	1000	720	70,99
34	10	0	93	30	0	1	0	9999	1	1000	790	80,99
35	10	0	94	30	0	1	0	9999	1	1000	790	80,99
36	10	0	95	30	0	1	0	9999	1	1000	790	80,99
37	10	0	96	30	0	1	0	9999	1	1000	860	86,99
38	10	0	97	30	0	1	0	9999	1	1000	860	86,99
39	10	0	98	30	0	1	0	9999	1	1000	860	86,99
40	10	0	99	30	0	1	0	9999	1	1000	930	95,99
41	10	0	100	30	0	1	0	9999	1	1000	930	95,99
42	10	0	101	30	0	1	0	9999	1	1000	930	95,99
43	10	0	102	30	0	1	0	9999	1	1000	1000	100,999
44	10	0	103	30	0	1	0	9999	1	1000	1000	100,999
45	10	0	104	30	0	1	0	9999	1	1000	1000	100,999
46	11	0	69	30	0	1	0	9999	1	1000	300	20,29
47	11	0	70	30	0	1	0	9999	1	1000	300	20,29
48	11	0	71	30	0	1	0	9999	1	1000	300	20,29
49	11	0	72	30	0	1	0	9999	1	1000	360	20,39
50	11	0	73	30	0	1	0	9999	1	1000	360	20,39
51	11	0	74	30	0	1	0	9999	1	1000	360	20,39
52	11	0	75	30	0	1	0	9999	1	1000	360	20,49
53	11	0	76	30	0	1	0	9999	1	1000	360	20,49
54	11	0	77	30	0	1	0	9999	1	1000	360	20,49
55	11	0	78	30	0	1	0	9999	1	1000	430	30,59
56	11	0	79	30	0	1	0	9999	1	1000	430	30,59
57	11	0	80	30	0	1	0	9999	1	1000	430	30,59
58	11	0	81	30	0	1	0	9999	1	1000	500	40,69
59	11	0	82	30	0	1	0	9999	1	1000	500	40,69
60	11	0	83	30	0	1	0	9999	1	1000	500	40,69
61	11	0	84	30	0	1	0	9999	1	1000	570	50,79
62	11	0	85	30	0	1	0	9999	1	1000	570	50,79
63	11	0	86	30	0	1	0	9999	1	1000	570	50,79
64	11	0	87	30	0	1	0	9999	1	1000	650	60,85
65	11	0	88	30	0	1	0	9999	1	1000	650	60,85
66	11	0	89	30	0	1	0	9999	1	1000	650	60,85
67	11	0	90	30	0	1	0	9999	1	1000	720	70,99
68	11	0	91	30	0	1	0	9999	1	1000	720	70,99
69	11	0	92	30	0	1	0	9999	1	1000	720	70,99
70	11	0	93	30	0	1	0	9999	1	1000	790	80,99
71	11	0	94	30	0	1	0	9999	1	1000	790	80,99
72	11	0	95	30	0	1	0	9999	1	1000	790	80,99
73	11	0	96	30	0	1	0	9999	1	1000	860	86,99
74	11	0	97	30	0	1	0	9999	1	1000	860	86,99
75	11	0	98	30	0	1	0	9999	1	1000	860	86,99
76	11	0	99	30	0	1	0	9999	1	1000	930	95,99
77	11	0	100	30	0	1	0	9999	1	1000	930	95,99
78	11	0	101	30	0	1	0	9999	1	1000	930	95,99
79	11	0	102	30	0	1	0	9999	1	1000	1000	100,999
80	11	0	103	30	0	1	0	9999	1	1000	1000	100,999
81	11	0	104	30	0	1	0	9999	1	1000	1000	100,999
82	12	0	69	30	0	1	0	9999	1	1000	300	20,29
83	12	0	70	30	0	1	0	9999	1	1000	300	20,29
84	12	0	71	30	0	1	0	9999	1	1000	300	20,29
85	12	0	72	30	0	1	0	9999	1	1000	360	20,39
86	12	0	73	30	0	1	0	9999	1	1000	360	20,39
87	12	0	74	30	0	1	0	9999	1	1000	360	20,39
88	12	0	75	30	0	1	0	9999	1	1000	360	20,49
89	12	0	76	30	0	1	0	9999	1	1000	360	20,49
90	12	0	77	30	0	1	0	9999	1	1000	360	20,49
91	12	0	78	30	0	1	0	9999	1	1000	430	30,59
92	12	0	79	30	0	1	0	9999	1	1000	430	30,59
93	12	0	80	30	0	1	0	9999	1	1000	430	30,59
94	12	0	81	30	0	1	0	9999	1	1000	500	40,69
95	12	0	82	30	0	1	0	9999	1	1000	500	40,69
96	12	0	83	30	0	1	0	9999	1	1000	500	40,69
97	12	0	84	30	0	1	0	9999	1	1000	570	50,79
98	12	0	85	30	0	1	0	9999	1	1000	570	50,79
99	12	0	86	30	0	1	0	9999	1	1000	570	50,79
100	12	0	87	30	0	1	0	9999	1	1000	650	60,85
101	12	0	88	30	0	1	0	9999	1	1000	650	60,85
102	12	0	89	30	0	1	0	9999	1	1000	650	60,85
103	12	0	90	30	0	1	0	9999	1	1000	720	70,99
104	12	0	91	30	0	1	0	9999	1	1000	720	70,99
105	12	0	92	30	0	1	0	9999	1	1000	720	70,99
106	12	0	93	30	0	1	0	9999	1	1000	790	80,99
107	12	0	94	30	0	1	0	9999	1	1000	790	80,99
108	12	0	95	30	0	1	0	9999	1	1000	790	80,99
109	12	0	96	30	0	1	0	9999	1	1000	860	86,99
110	12	0	97	30	0	1	0	9999	1	1000	860	86,99
111	12	0	98	30	0	1	0	9999	1	1000	860	86,99
112	12	0	99	30	0	1	0	9999	1	1000	930	95,99
113	12	0	100	30	0	1	0	9999	1	1000	930	95,99
114	12	0	101	30	0	1	0	9999	1	1000	930	95,99
115	12	0	102	30	0	1	0	9999	1	1000	1000	100,999
116	12	0	103	30	0	1	0	9999	1	1000	1000	100,999
117	12	0	104	30	0	1	0	9999	1	1000	1000	100,999
118	13	0	69	30	0	1	0	9999	1	1000	300	20,29
119	13	0	70	30	0	1	0	9999	1	1000	300	20,29
120	13	0	71	30	0	1	0	9999	1	1000	300	20,29
121	13	0	72	30	0	1	0	9999	1	1000	360	20,39
122	13	0	73	30	0	1	0	9999	1	1000	360	20,39
123	13	0	74	30	0	1	0	9999	1	1000	360	20,39
124	13	0	75	30	0	1	0	9999	1	1000	360	20,49
125	13	0	76	30	0	1	0	9999	1	1000	360	20,49
126	13	0	77	30	0	1	0	9999	1	1000	360	20,49
127	13	0	78	30	0	1	0	9999	1	1000	430	30,59
128	13	0	79	30	0	1	0	9999	1	1000	430	30,59
129	13	0	80	30	0	1	0	9999	1	1000	430	30,59
130	13	0	81	30	0	1	0	9999	1	1000	500	40,69
131	13	0	82	30	0	1	0	9999	1	1000	500	40,69
132	13	0	83	30	0	1	0	9999	1	1000	500	40,69
133	13	0	84	30	0	1	0	9999	1	1000	570	50,79
134	13	0	85	30	0	1	0	9999	1	1000	570	50,79
135	13	0	86	30	0	1	0	9999	1	1000	570	50,79
136	13	0	87	30	0	1	0	9999	1	1000	650	60,85
137	13	0	88	30	0	1	0	9999	1	1000	650	60,85
138	13	0	89	30	0	1	0	9999	1	1000	650	60,85
139	13	0	90	30	0	1	0	9999	1	1000	720	70,99
140	13	0	91	30	0	1	0	9999	1	1000	720	70,99
141	13	0	92	30	0	1	0	9999	1	1000	720	70,99
142	13	0	93	30	0	1	0	9999	1	1000	790	80,99
143	13	0	94	30	0	1	0	9999	1	1000	790	80,99
144	13	0	95	30	0	1	0	9999	1	1000	790	80,99
145	13	0	96	30	0	1	0	9999	1	1000	860	86,99
146	13	0	97	30	0	1	0	9999	1	1000	860	86,99
147	13	0	98	30	0	1	0	9999	1	1000	860	86,99
148	13	0	99	30	0	1	0	9999	1	1000	930	95,99
149	13	0	100	30	0	1	0	9999	1	1000	930	95,99
150	13	0	101	30	0	1	0	9999	1	1000	930	95,99
151	13	0	102	30	0	1	0	9999	1	1000	1000	100,999
152	13	0	103	30	0	1	0	9999	1	1000	1000	100,999
153	13	0	104	30	0	1	0	9999	1	1000	1000	100,999
