1	跨服瀞灵廷冠军	0	1,120000	20000	0	682	12	683	300	0	0	您在跨界争霸战跨服瀞灵廷组获得了冠军，这是您的奖励：
2	跨服瀞灵廷亚军	0	1,100000	18000	0	682	10	683	280	0	0	您在跨界争霸战跨服瀞灵廷组获得了亚军，这是您的奖励：
3	跨服瀞灵廷4强	0	1,90000	16000	0	682	9	683	260	0	0	您在跨界争霸战跨服瀞灵廷组未能进入决赛，这是您的奖励：
4	跨服瀞灵廷8强	0	1,80000	14000	0	682	8	683	240	0	0	您在跨界争霸战跨服瀞灵廷组未能进入4强，这是您的奖励：
5	跨服瀞灵廷16强	0	1,70000	12000	0	682	7	683	220	0	0	您在跨界争霸战跨服瀞灵廷组未能进入8强，这是您的奖励：
6	跨服瀞灵廷32强	0	1,60000	10000	0	682	6	683	200	0	0	您在跨界争霸战跨服瀞灵廷组未能进入16强，这是您的奖励：
7	跨服流魂街冠军	0	1,65000	12000	0	682	8	683	200	0	0	您在跨界争霸战跨服流魂街组获得了冠军，这是您的奖励：
8	跨服流魂街亚军	0	1,60000	10000	0	682	6	683	180	0	0	您在跨界争霸战跨服流魂街组获得了亚军，这是您的奖励：
9	跨服流魂街4强	0	1,50000	9000	0	682	5	683	160	0	0	您在跨界争霸战跨服流魂街组未能进入决赛，这是您的奖励：
10	跨服流魂街8强	0	1,40000	8500	0	682	4	683	140	0	0	您在跨界争霸战跨服流魂街组未能进入4强，这是您的奖励：
11	跨服流魂街16强	0	1,35000	8000	0	682	3	683	120	0	0	您在跨界争霸战跨服流魂街组未能进入8强，这是您的奖励：
12	跨服流魂街32强	0	1,30000	7500	0	682	2	683	100	0	0	您在跨界争霸战跨服流魂街组未能进入16强，这是您的奖励：
13	服内瀞灵廷冠军	0	1,30000	10000	0	0	0	0	0	0	0	您在跨界争霸战服内瀞灵廷组获得了冠军，这是您的奖励：
14	服内瀞灵廷亚军	0	1,25000	9000	0	0	0	0	0	0	0	您在跨界争霸战服内瀞灵廷组获得了亚军，这是您的奖励：
15	服内瀞灵廷4强	0	1,20000	8000	0	0	0	0	0	0	0	您在跨界争霸战服内瀞灵廷组未能进入决赛，这是您的奖励：
16	服内瀞灵廷8强	0	1,15000	7000	0	0	0	0	0	0	0	您在跨界争霸战服内瀞灵廷组未能进入4强，这是您的奖励：
17	服内瀞灵廷16强	0	1,12000	6000	0	0	0	0	0	0	0	您在跨界争霸战服内瀞灵廷组未能进入8强，这是您的奖励：
18	服内瀞灵廷32强	0	1,10000	5000	0	0	0	0	0	0	0	您在跨界争霸战服内瀞灵廷组未能进入16强，这是您的奖励：
19	服内流魂街冠军	0	1,12000	5000	0	0	0	0	0	0	0	您在跨界争霸战服内流魂街组获得了冠军，这是您的奖励：
20	服内流魂街亚军	0	1,10000	4500	0	0	0	0	0	0	0	您在跨界争霸战服内流魂街组获得了亚军，这是您的奖励：
21	服内流魂街4强	0	1,9000	4000	0	0	0	0	0	0	0	您在跨界争霸战服内流魂街组未能进入决赛，这是您的奖励：
22	服内流魂街8强	0	1,8500	3500	0	0	0	0	0	0	0	您在跨界争霸战服内流魂街组未能进入4强，这是您的奖励：
23	服内流魂街16强	0	1,8000	3000	0	0	0	0	0	0	0	您在跨界争霸战服内流魂街组未能进入8强，这是您的奖励：
24	服内流魂街32强	0	1,7500	2500	0	0	0	0	0	0	0	您在跨界争霸战服内流魂街组未能进入16强，这是您的奖励：
25	跨服助威奖励	0	1,5000	1000	0	0	0	0	0	0	0	您所支持的选手顺利晋级，这是您的助威奖励：
26	服内助威奖励	0	1,1500	250	0	0	0	0	0	0	0	您所支持的选手顺利晋级，这是您的助威奖励：
27	全服礼包奖励	0	0,2000000	5000	0	0	0	0	0	0	0	您所在的服务器产生了跨服瀞灵廷组冠军，这是您的奖励：
28	刨冰	0	0	100	0	0	0	0	0	0	0	跨服瀞灵廷组冠军收到您的礼物很开心，这是回礼：
29	金平糖	0	0	200	0	683	2	0	0	0	0	跨服瀞灵廷组冠军收到您的礼物很开心，这是回礼：
30	综合零食	0	0	300	0	683	5	0	0	0	0	跨服瀞灵廷组冠军收到您的礼物很开心，这是回礼：
