1	1	龙虎初级阵	初始紫色英雄可以帮助您快速通关初期关卡。	1	820	0	631	667	595	640
2	1	龙虎中级阵	橙色英雄能够让阵容更加强力。	2	210	0	631	243	232	640
3	1	龙虎高级阵	合理的搭配橙色英雄的合体技，这套阵容可以爆发出超强的战斗力。	3	210	0	199	243	265	232
4	1	龙虎进阶阵	加入强力的红色英雄让阵容的战斗力更加强大。	4	111	0	210	254	243	199
5	1	龙虎终极阵	两名红色英雄同时上阵，可以为该阵容提供超绝的破坏力。	5	111	0	1591	254	243	210
6	1	龙虎究极阵	齐聚本势力的三名红色英雄，搭配缘分中的势力终极天赋，战斗力简直爆表！	6	111	0	122	1591	243	254
7	1	龙虎无敌阵	四名本阵营的红色英雄，搭配上强势的奶妈，让您在战阵中所向无敌！	7	1607	0	111	122	243	1591
8	2	罗刹初级阵	初始紫色英雄可以帮助您快速通关初期关卡。	1	820	0	676	667	721	703
9	2	罗刹中级阵	橙色英雄能够让阵容更加强力。	2	309	0	676	386	364	703
10	2	罗刹高级阵	合理的搭配橙色英雄的合体技，这套阵容可以爆发出超强的战斗力。	3	309	0	364	386	342	320
11	2	罗刹进阶阵	加入强力的红色英雄让阵容的战斗力更加强大。	4	133	0	364	375	342	320
12	2	罗刹终极阵	两名红色英雄同时上阵，可以为该阵容提供超绝的破坏力。	5	133	0	144	375	364	342
13	2	罗刹究极阵	齐聚本势力的三名红色英雄，搭配缘分中的势力终极天赋，战斗力简直爆表！	6	133	0	144	375	1623	342
14	2	罗刹无敌阵	四名本阵营的红色英雄，搭配上强势的奶妈，让您在战阵中所向无敌！	7	1639	0	133	144	342	1623
15	3	白莲初级阵	初始紫色英雄可以帮助您快速通关初期关卡。	1	820	0	802	667	757	784
16	3	白莲中级阵	橙色英雄能够让阵容更加强力。	2	441	0	802	430	485	784
17	3	白莲高级阵	合理的搭配橙色英雄的合体技，这套阵容可以爆发出超强的战斗力。	3	441	0	485	430	419	397
18	3	白莲进阶阵	加入强力的红色英雄让阵容的战斗力更加强大。	4	155	0	485	397	463	419
19	3	白莲终极阵	两名红色英雄同时上阵，可以为该阵容提供超绝的破坏力。	5	155	0	166	397	419	463
20	3	白莲究极阵	齐聚本势力的三名红色英雄，搭配缘分中的势力终极天赋，战斗力简直爆表！	6	155	0	166	1655	419	1751
21	3	白莲无敌阵	四名本阵营的红色英雄，搭配上强势的奶妈，让您在战阵中所向无敌！	7	1671	0	155	166	419	1655
22	4	群英初级阵	初始紫色英雄可以帮助您快速通关初期关卡。	1	820	0	811	667	865	856
23	4	群英中级阵	橙色英雄能够让阵容更加强力。	2	584	0	811	540	573	856
24	4	群英高级阵	合理的搭配橙色英雄的合体技，这套阵容可以爆发出超强的战斗力。	3	584	0	573	540	496	518
25	4	群英进阶阵	加入强力的红色英雄让阵容的战斗力更加强大。	4	177	0	584	518	496	540
26	4	群英终极阵	两名红色英雄同时上阵，可以为该阵容提供超绝的破坏力。	5	177	0	188	518	496	529
27	4	群英究极阵	齐聚本势力的三名红色英雄，搭配缘分中的势力终极天赋，战斗力简直爆表！	6	177	0	188	496	1687	1767
28	4	群英无敌阵	四名本阵营的红色英雄，搭配上强势的奶妈，让您在战阵中所向无敌！	7	1703	0	188	177	496	1687
