1	【数码宝贝】数码兽升级消耗的道具模板ID，从小到大排列	1	229,230,231,232,233,234
2	【数码宝贝】数码兽六个天赋对应解锁星级的条件	2	0,0,3,4,5,6
3	【数码宝贝】数码兽四阶形态进化条件：等级,星级|下一形态	3	1,1|15,2|40,4|60,6
4	【数码宝贝】数码兽升品消耗材料对应ship_grow_requirement的主键ID	4	1,2,3,4,5,6,7,8,9,10,11,12,13,14,15,16,17,18,19,20,21,22,23,24
5	【数码宝贝】数码兽每次升级消耗技能点数，存储最大上限（购买也不会超过此上限）	5	1,20
6	【数码宝贝】数码兽每次购买技能点可获得X点	6	20
7	【数码宝贝】数码兽购买技能需要消耗的钻石数量，最后一位无限取值	7	50,50,100,100,150,150,200
8	【数码宝贝】数码兽购买升级消耗的经验道具，每次购买最大100个	8	100
9	【数码宝贝】斗魂用钻石升级，每点经验需要的钻石数量	9	5
10	【数码宝贝】斗魂用材料升级，每点经验额外需求的钻石金币数量	10	500
11	【数码宝贝】数码兽品级对应速度（白色0，速度值|绿色1，速度值|···）	11	0,0|1,5|2,10|3,15|4,20|5,25|6,30|7,35|8,40|9,45|10,50|11,55|12,60|13,65|14,70|15,75|16,80|17,85|18,90
12	【数码宝贝】数码兽星级对应速度（一星，速度值|二星，速度值|···）	12	1,0|2,5|3,15|4,30|5,50|6,75|7,100
13	【数码宝贝】重复数码兽返还碎片（1星13资质，返还数量|14资质，返还数量···！2星13资质，返还数量···）	13	13,4|14,4|15,4|16,6!13,8|14,8|15,8|16,12!13,20|14,20|15,20|16,30!13,40|14,40|15,40|16,60!13,80|14,80|15,80|16,120!13,130|14,130|15,130|16,200!13,240|14,240|15,240|16,360
14	【数码宝贝】特殊数码兽四阶形态进化条件，数码兽ID：等级,星级|下一形态！下一个数码兽	14	13:1,1|1,2|40,4|60,6
15	【数码宝贝】数码兽阶数还原数码兽需达到的品质（紫品）	15	8
16	【数码宝贝】数码兽阶数还原需求的物品，类型，ID，个数	16	6,254,1
17	【数码宝贝】数码兽阶数还原普通重生金币和道具返还比（向上取整）	17	0.9
18	【数码宝贝】数码兽技能还原数码兽所有技能级数和需达到数量	18	200
19	【数码宝贝】数码兽技能还原需求的物品，类型，ID，个数	19	6,255,1
20	【数码宝贝】数码兽技能还原普通重生金币返还比（向上取整）	20	0.9
21	【数码宝贝】数码兽技能还原高级重生消耗钻石参数（消耗钻石=金币消耗总和/该参数，向下取整）	21	120000
22	【数码宝贝】数码兽斗魂还原数码兽所有斗魂级数和需达到数量	22	10
23	【数码宝贝】数码兽斗魂还原需求的物品，类型，ID，个数	23	6,256,1
24	【数码宝贝】数码兽斗魂还原普通重生斗魂精华和金币返还比（向上取整）	24	0.9
25	【数码宝贝】数码兽斗魂还原高级重生消耗钻石参数（消耗钻石=斗魂精华/该参数，向下取整）	25	13.4
26	【数码宝贝】数码兽斗魂还原经验转换的道具ID	26	243
27	【数码宝贝】数码兽经验还原数码兽等级需达到数量	27	10
28	【数码宝贝】数码兽经验还原需求的物品，类型，ID，个数	23	2,-1,200
29	【数码宝贝】数码兽经验还原普通重生金币道具返还比（向上取整）	29	0.9
30	【数码宝贝】数码兽经验还原高级重生消耗钻石参数（消耗钻石=所需基础值+经验总和/该参数，向下取整）	30	50004
31	【数码宝贝】数码兽经验还原经验转换的道具ID（从第一个开始计算）	31	234,233,232,231,230,229
32	【数码宝贝】进化链中单独调用分支进化的数码兽战船模板ID,下一个	32	13
