1	【数码宝贝】创建公会需要消耗300钻石	1	300
2	【数码宝贝】公会图标选取范围,按顺序摆放,从1开始计数,仅会长可操作	2	1,2,3,4,5,6,7,8,9,10,11,12,13,14,15,16
3	【数码宝贝】公会职位人数上限：小于等于公会等级,会长,副会长	3	7,1,2|30,1,3
4	【数码宝贝】公会成员全体邮件每日次数上限,会长,次数|副会长,次数|成员,次数	4	1,2|2,2|3,0
5	【数码宝贝】公会全体邮件限制为1-200个中文,英文字符（中文、英文均为1个字符）	5	200,200
6	【数码宝贝】公会名称长度限制为1-6个中文,英文字符（中文、英文均为1个字符）	6	6,6
7	【数码宝贝】公会公告板长度限制为1-50个中文,英文字符（中文、英文均为1个字符）,仅会长和副会长可操作	7	50,50
8	【数码宝贝】同时申请公会的最大数量限制	8	3
9	【数码宝贝】审核设置中招募会员冷却时间,单位秒	9	300
10	【数码宝贝】审核设置中申请公会的等级限制范围	10	20,80
11	【数码宝贝】公长连续5天不上线,将会按照副会长>会员的优先顺序,传位给贡献度最高的玩家,职位互换	11	5
12	【数码宝贝】加入公会列表,每列显示数量上限	12	10
13	【数码宝贝】退出或解散公会后,再隔X小时可以再次加入公会,但各个玩法需要隔天5点重置才可玩	13	0
14	【数码宝贝】公会排行榜显示数量上限	14	50
15	【数码宝贝】修改公会名称每次需要消耗500钻石,仅会长可操作	15	500
16	【数码宝贝】公会审核列表上限	16	30
17	【数码宝贝】公会日志存储条数上限	17	50
18	【数码宝贝】研究所玩家每日可捐献次数上限,所有科技通用	18	5
19	【数码宝贝】公会副本开放时间,周一至周六的9:30-23:00	19	1,2,3,4,5,6|9:30:00,23:00:00
20	【数码宝贝】公会副本在每周一、三、五的凌晨5点自动重置当前最高的关卡（5点为通用定时器）	20	1,3,5
21	【数码宝贝】公会副本每天免费获得3次挑战次数	21	3
22	【数码宝贝】公会副本每个月的月初重置所有副本,击杀奖励每月仅可领取1次	22	1
23	【数码宝贝】公会副本BOSS特殊伤害奖励生命区间|掉落奖励	23	20,40,60,80,100!6,319,1|6,319,1|6,319,1|6,319,1|6,319,1
24	【数码宝贝】能量屋每个位子开启需要的主角等级（最后两个是vip等级）、消耗的钻石数量	24	1,0|40,28|48,68|56,88|64,188|72,188|3,288|8,288
25	【数码宝贝】能量屋可为他人加速次数,自己被加速次数	25	6,6
26	【数码宝贝】公会红包每天19点自动添加1次免费领取次数	26	19:00:00,1
27	【数码宝贝】公会红包中玩家发出的红包保留24小时,到期自动消失,剩余不退回	27	24
28	【数码宝贝】公会红包每天可发红包次数	28	3
29	【数码宝贝】能量屋停留界面时,每次结算经验的间隔时间（秒）,若非停留界面,则按时间计算,向上取整	29	60
30	【数码宝贝】能量屋为他人加速额外获得金币数量	30	20000
31	【数码宝贝】抽取数码兽中钻石改摇的消耗数量,最后一位无限取值	31	10,10,20,20,30,30,30,40,40,40,50
32	【数码宝贝】抽取数码兽中随机数,权重|下一个!下一个位置的概率库组	32	1,31|2,63|3,94|4,125|5,156|6,1000!1,67|2,133|3,200|4,267|5,333|6,1000!1,107|2,214|3,321|4,429|5,536|6,1000!1,134|2,268|3,403|4,537|5,671|6,1000!1,168|2,335|3,503|4,670|5,838|6,1000!1,181|2,362|3,543|4,724|5,905|6,1000
33	【废弃】	33	8
34	【数码宝贝】数码兽大冒险中,完美搭建时奖励倍数	34	2
35	【数码宝贝】研究所中至尊捐献出现条件需要达到VIP等级	35	5
36	【数码宝贝】公会副本每次攻击额外掉落奖励,随机分配到当天参与过公会副本的某个成员的伤害排名邮箱中：概率%|奖励	36	30|6,319,1
37	【数码宝贝】公会副本中公会额外增加攻、防、生命的加成%：全服通关公会个数,加成比|停留天数,加成比	37	1,1|1,4
38	【数码宝贝】公会副本伤害排行奖励邮件发送时间	38	23:30:00
39	【数码宝贝】公会红包中研究所固定红包奖励类型：资源类型,模板ID,数量（数量为最低数量）	39	1,-1,1|2,-1,1|6,242,1
40	【数码宝贝】公会会长连续未登陆该天数将直接罢免	40	5
41	【数码宝贝】公会战报名时间，开始时间，结束时间	41	10:00:00,20:50:00
42	【数码宝贝】公会战比赛时间，开始时间，结束时间	42	21:00:00,21:30:00
43	【数码宝贝】公会战每组最少上阵数码兽限制	43	1
44	【数码宝贝】公会战每轮比赛时间，分钟	44	1
45	【数码宝贝】公会战VIP自动报名，最低等级需求，自动报名时间	45	3,20:30:00
46	【数码宝贝】公会战预赛和复赛个人排名公会额外积分	46	1-1,100|2-2,80|3-3,70|4-6,60|7-10,50|11-15,40|16-20,35|21-35,30|36-50,25|51-999999,20
47	【数码宝贝】公会战战斗胜奖励个人积分	47	2
48	【数码宝贝】公会战战斗负奖励个人积分	48	1
49	【数码宝贝】公会战场景ID，npcID	49	160,1406
50	【数码宝贝】公会战单场战斗最多回合数	50	20
51	【数码宝贝】公会战参赛数码兽组数，场次：组数！下一场	51	1:2!2:2!3:2!4:2!5:3
52	【数码宝贝】公会战参赛数码兽每组上限，场次：每组上限！下一场	52	1:3!2:3!3:3!4:4!5:4
53	【数码宝贝】公会战报名等级限制，公会等级限制	53	35,3
54	【数码宝贝】公会战决赛个人排名公会额外积分	54	1-1,20000|2-2,10000|3-3,3000|4-4,3000|5-5,100|6-6,100|7-7,100|8-8,100
55	【数码宝贝】公会战战斗胜利每场奖励，类型,id,数量|单日奖励上限	55	6,321,1|6
56	【数码宝贝】公会战预选赛报名奖励，类型,id,数量|下一个	56	6,321,5|2,-1,20|1,-1,100000
57	【数码宝贝】公会战开放星期数	57	2,3,4,5,6
58	【数码宝贝】公会战每天对应的数码兽类型限制	58	1,2,3,-1,-1
59	【数码宝贝】公会战可下注排名公会数	59	8
60	【数码宝贝】公会战下注金额，普通金币数量，高级金币数量	60	100000,300000
61	【数码宝贝】公会战下注每日可获得金币奖励上限	61	1000000
62	【数码宝贝】公会战下注最小赔率	62	2
63	【数码宝贝】公会战决战每场比赛时间，分钟	63	9
64	【数码宝贝】公会战决赛报名奖励，类型,id,数量|下一个	64	6,322,5|2,-1,50|1,-1,200000
65	【数码宝贝】公会公告刷新时间（每天）	65	5:00:00
