1	【数码宝贝】初始体力值，最大体力上限	1	60,3000
2	【数码宝贝】玩家昵称长度限制（中文、英文均为1个字符）：中文,英文	2	6,6
3	【数码宝贝】玩家修改昵称所需钻石数量，首次免费，最后一位无限取值	3	0,100
4	【数码宝贝】每分钟恢复多少点体力（向下取整）	4	0.2
5	【数码宝贝】玩家等级上限	5	79
6	【数码宝贝】玩家VIP等级上限	6	18
7	【数码宝贝】玩家初始邮件ID，奖励内容（资源类型，模板ID，数量|下一个）	7	1,-1,10000|2,-1,50|6,229,50
8	【数码宝贝】每个排行榜的最大数量限制（战斗力、关卡得星、驯兽榜、数码兽、公会、王者之战）	8	1000,1000,1000,1000,1000,1000
9	【数码宝贝】玩家签名长度限制（中文、英文均为1个字符）：中文,英文	9	20,20
10	【数码宝贝】主页背景设置图片res\images\ui\bg，第一个为默认背景	10	1,2,3
11	【数码宝贝】主页音乐设置sound_effect_param的主键ID，第一个为默认背景音乐	11	2,3,4,5
12	【数码宝贝】玩家初始数码兽：ship_mould主键ID，站位|下一个	12	13,2|55,4
13	【数码宝贝】玩家初始道具(资源类型，模板ID，数量|下一个)	13	1,-1,20000
14	【数码宝贝】玩家级数对应的技能点上限，等级区间起-等级区间止，技能点上限|下一个	14	1-9,20|10-19,25|20-29,30|30-39,35|40-49,40|50-59,45|60-69,50|70-79,55|80-89,60|90-99,65
15	【数码宝贝】玩家头像（默认头像，额外初始可用头像）	15	1,2,3,4,5,6,7,8
16	【数码宝贝】目标任务起始Id	16	410
